0.00193045
0.00195415
0.00197812
0.00200235
0.00202686
0.00205164
0.00207671
0.00210205
0.00212768
0.00215359
0.00217979
0.00220629
0.00223308
0.00226017
0.00228756
0.00231526
0.00234326
0.00237157
0.0024002
0.00242914
0.0024584
0.00248799
0.0025179
0.00254814
0.00257871
0.00260962
0.00264087
0.00267246
0.0027044
0.00273668
0.00276932
0.00280231
0.00283567
0.00286938
0.00290346
0.00293791
0.00297274
0.00300794
0.00304352
0.00307949
0.00311584
0.00315259
0.00318973
0.00322727
0.00326521
0.00330356
0.00334232
0.0033815
0.00342109
0.00346111
0.00350155
0.00354242
0.00358373
0.00362547
0.00366766
0.0037103
0.00375338
0.00379692
0.00384092
0.00388538
0.00393031
0.00397572
0.0040216
0.00406796
0.0041148
0.00416214
0.00420997
0.0042583
0.00430713
0.00435647
0.00440633
0.0044567
0.00450759
0.00455901
0.00461096
0.00466345
0.00471648
0.00477005
0.00482418
0.00487886
0.0049341
0.00498991
0.00504629
0.00510325
0.00516079
0.00521891
0.00527763
0.00533694
0.00539685
0.00545738
0.00551851
0.00558027
0.00564264
0.00570565
0.00576929
0.00583358
0.0058985
0.00596408
0.00603032
0.00609722
0.00616479
0.00623303
0.00630195
0.00637157
0.00644187
0.00651287
0.00658457
0.00665698
0.00673011
0.00680397
0.00687854
0.00695386
0.00702992
0.00710672
0.00718427
0.00726259
0.00734167
0.00742153
0.00750216
0.00758359
0.0076658
0.00774881
0.00783262
0.00791725
0.0080027
0.00808898
0.00817608
0.00826403
0.00835282
0.00844247
0.00853297
0.00862435
0.00871659
0.00880972
0.00890374
0.00899866
0.00909447
0.0091912
0.00928885
0.00938742
0.00948692
0.00958737
0.00968876
0.00979112
0.00989443
0.00999871
0.010104
0.0102102
0.0103175
0.0104257
0.010535
0.0106452
0.0107565
0.0108689
0.0109822
0.0110967
0.0112122
0.0113287
0.0114463
0.011565
0.0116848
0.0118057
0.0119278
0.0120509
0.0121751
0.0123005
0.0124271
0.0125547
0.0126836
0.0128136
0.0129448
0.0130772
0.0132107
0.0133455
0.0134815
0.0136187
0.0137572
0.0138969
0.0140378
0.01418
0.0143235
0.0144683
0.0146143
0.0147616
0.0149103
0.0150603
0.0152115
0.0153642
0.0155182
0.0156735
0.0158302
0.0159883
0.0161477
0.0163086
0.0164708
0.0166345
0.0167996
0.0169662
0.0171341
0.0173036
0.0174745
0.0176469
0.0178208
0.0179962
0.018173
0.0183514
0.0185314
0.0187129
0.0188959
0.0190805
0.0192666
0.0194544
0.0196437
0.0198347
0.0200273
0.0202215
0.0204173
0.0206148
0.0208139
0.0210148
0.0212173
0.0214215
0.0216274
0.021835
0.0220444
0.0222555
0.0224684
0.022683
0.0228994
0.0231176
0.0233376
0.0235594
0.023783
0.0240085
0.0242358
0.0244649
0.024696
0.0249289
0.0251637
0.0254005
0.0256391
0.0258797
0.0261223
0.0263668
0.0266132
0.0268617
0.0271121
0.0273646
0.0276191
0.0278756
0.0281341
0.0283948
0.0286575
0.0289222
0.0291891
0.0294581
0.0297292
0.0300025
0.0302779
0.0305554
0.0308352
0.0311171
0.0314012
0.0316876
0.0319762
0.032267
0.0325601
0.0328554
0.0331531
0.033453
0.0337552
0.0340598
0.0343667
0.034676
0.0349876
0.0353016
0.035618
0.0359368
0.036258
0.0365817
0.0369078
0.0372364
0.0375675
0.037901
0.0382371
0.0385756
0.0389167
0.0392604
0.0396066
0.0399554
0.0403068
0.0406608
0.0410174
0.0413766
0.0417385
0.042103
0.0424703
0.0428402
0.0432128
0.0435882
0.0439663
0.0443471
0.0447307
0.0451171
0.0455063
0.0458983
0.0462931
0.0466908
0.0470913
0.0474946
0.0479009
0.0483101
0.0487221
0.0491371
0.0495551
0.049976
0.0503999
0.0508268
0.0512566
0.0516895
0.0521255
0.0525645
0.0530065
0.0534516
0.0538999
0.0543512
0.0548056
0.0552632
0.055724
0.0561879
0.056655
0.0571254
0.0575989
0.0580757
0.0585557
0.059039
0.0595255
0.0600154
0.0605085
0.061005
0.0615049
0.062008
0.0625146
0.0630246
0.0635379
0.0640547
0.0645749
0.0650985
0.0656256
0.0661562
0.0666903
0.0672279
0.067769
0.0683137
0.0688619
0.0694137
0.0699691
0.070528
0.0710906
0.0716569
0.0722267
0.0728003
0.0733775
0.0739584
0.0745431
0.0751314
0.0757235
0.0763194
0.076919
0.0775224
0.0781296
0.0787407
0.0793555
0.0799742
0.0805968
0.0812233
0.0818536
0.0824879
0.083126
0.0837682
0.0844142
0.0850643
0.0857183
0.0863763
0.0870384
0.0877044
0.0883745
0.0890487
0.089727
0.0904093
0.0910957
0.0917863
0.092481
0.0931798
0.0938828
0.0945899
0.0953013
0.0960169
0.0967366
0.0974607
0.0981889
0.0989215
0.0996583
0.100399
0.101145
0.101894
0.102649
0.103407
0.10417
0.104937
0.105708
0.106484
0.107265
0.108049
0.108839
0.109632
0.11043
0.111233
0.11204
0.112852
0.113668
0.114489
0.115314
0.116144
0.116978
0.117817
0.118661
0.119509
0.120362
0.121219
0.122081
0.122948
0.12382
0.124696
0.125577
0.126462
0.127353
0.128248
0.129148
0.130052
0.130961
0.131876
0.132795
0.133718
0.134647
0.13558
0.136518
0.137461
0.138409
0.139362
0.14032
0.141283
0.14225
0.143223
0.1442
0.145182
0.146169
0.147162
0.148159
0.149161
0.150168
0.15118
0.152197
0.15322
0.154247
0.155279
0.156316
0.157359
0.158406
0.159458
0.160516
0.161579
0.162646
0.163719
0.164797
0.16588
0.166968
0.168062
0.16916
0.170264
0.171372
0.172486
0.173605
0.17473
0.175859
0.176994
0.178134
0.179279
0.180429
0.181585
0.182745
0.183911
0.185082
0.186259
0.18744
0.188627
0.189819
0.191017
0.192219
0.193427
0.194641
0.195859
0.197083
0.198312
0.199546
0.200786
0.202031
0.203281
0.204536
0.205797
0.207063
0.208335
0.209611
0.210893
0.212181
0.213473
0.214771
0.216075
0.217383
0.218697
0.220016
0.221341
0.222671
0.224006
0.225347
0.226692
0.228043
0.2294
0.230762
0.232129
0.233501
0.234879
0.236262
0.23765
0.239044
0.240443
0.241847
0.243257
0.244672
0.246092
0.247517
0.248948
0.250384
0.251825
0.253272
0.254724
0.256181
0.257643
0.259111
0.260584
0.262062
0.263546
0.265034
0.266528
0.268027
0.269532
0.271041
0.272556
0.274076
0.275601
0.277131
0.278667
0.280207
0.281753
0.283304
0.28486
0.286421
0.287988
0.289559
0.291136
0.292718
0.294304
0.295896
0.297493
0.299095
0.300702
0.302314
0.303931
0.305553
0.30718
0.308812
0.310449
0.312091
0.313738
0.31539
0.317047
0.318708
0.320375
0.322046
0.323722
0.325404
0.327089
0.32878
0.330476
0.332176
0.333881
0.335591
0.337306
0.339025
0.340749
0.342478
0.344211
0.345949
0.347692
0.349439
0.351191
0.352947
0.354708
0.356474
0.358244
0.360019
0.361798
0.363581
0.365369
0.367161
0.368958
0.370759
0.372565
0.374374
0.376188
0.378007
0.379829
0.381656
0.383487
0.385323
0.387162
0.389006
0.390853
0.392705
0.394561
0.396421
0.398285
0.400153
0.402025
0.403901
0.40578
0.407664
0.409551
0.411443
0.413338
0.415237
0.417139
0.419046
0.420956
0.42287
0.424787
0.426708
0.428633
0.430561
0.432492
0.434428
0.436366
0.438308
0.440254
0.442202
0.444155
0.44611
0.448069
0.450031
0.451996
0.453964
0.455935
0.45791
0.459887
0.461868
0.463852
0.465838
0.467828
0.46982
0.471815
0.473814
0.475814
0.477818
0.479824
0.481833
0.483845
0.485859
0.487876
0.489896
0.491918
0.493942
0.495969
0.497998
0.500029
0.502063
0.504099
0.506137
0.508178
0.51022
0.512265
0.514312
0.516361
0.518411
0.520464
0.522519
0.524575
0.526633
0.528693
0.530755
0.532819
0.534884
0.536951
0.539019
0.541089
0.54316
0.545233
0.547307
0.549382
0.551459
0.553537
0.555616
0.557696
0.559778
0.56186
0.563944
0.566028
0.568114
0.5702
0.572287
0.574375
0.576464
0.578553
0.580644
0.582734
0.584825
0.586917
0.589009
0.591102
0.593195
0.595288
0.597382
0.599476
0.60157
0.603664
0.605758
0.607852
0.609946
0.61204
0.614134
0.616228
0.618321
0.620414
0.622507
0.6246
0.626692
0.628783
0.630874
0.632965
0.635055
0.637144
0.639232
0.64132
0.643406
0.645492
0.647577
0.649661
0.651743
0.653825
0.655905
0.657985
0.660063
0.662139
0.664214
0.666288
0.668361
0.670431
0.672501
0.674568
0.676634
0.678698
0.68076
0.68282
0.684879
0.686935
0.68899
0.691042
0.693092
0.69514
0.697186
0.699229
0.70127
0.703309
0.705345
0.707378
0.709409
0.711438
0.713463
0.715486
0.717506
0.719523
0.721537
0.723549
0.725557
0.727562
0.729564
0.731562
0.733558
0.73555
0.737539
0.739524
0.741506
0.743484
0.745459
0.74743
0.749397
0.75136
0.75332
0.755276
0.757228
0.759175
0.761119
0.763059
0.764994
0.766925
0.768852
0.770775
0.772693
0.774607
0.776516
0.77842
0.78032
0.782216
0.784106
0.785992
0.787873
0.789749
0.79162
0.793486
0.795347
0.797202
0.799053
0.800898
0.802738
0.804573
0.806402
0.808226
0.810044
0.811857
0.813664
0.815465
0.81726
0.81905
0.820834
0.822612
0.824384
0.82615
0.82791
0.829663
0.831411
0.833152
0.834887
0.836615
0.838338
0.840053
0.841762
0.843465
0.845161
0.84685
0.848533
0.850209
0.851877
0.853539
0.855194
0.856842
0.858483
0.860117
0.861744
0.863363
0.864976
0.866581
0.868178
0.869768
0.871351
0.872926
0.874493
0.876053
0.877606
0.87915
0.880687
0.882216
0.883737
0.88525
0.886755
0.888252
0.889741
0.891222
0.892694
0.894159
0.895615
0.897063
0.898502
0.899933
0.901356
0.90277
0.904175
0.905572
0.906961
0.90834
0.909711
0.911073
0.912426
0.913771
0.915106
0.916432
0.91775
0.919058
0.920357
0.921647
0.922928
0.9242
0.925462
0.926715
0.927959
0.929193
0.930418
0.931633
0.932839
0.934035
0.935222
0.936399
0.937566
0.938723
0.939871
0.941009
0.942137
0.943255
0.944363
0.945462
0.94655
0.947628
0.948696
0.949754
0.950802
0.95184
0.952867
0.953884
0.954891
0.955888
0.956874
0.95785
0.958815
0.95977
0.960714
0.961648
0.962571
0.963484
0.964386
0.965277
0.966158
0.967028
0.967887
0.968736
0.969573
0.9704
0.971216
0.972021
0.972815
0.973598
0.97437
0.975131
0.975882
0.976621
0.977348
0.978065
0.978771
0.979465
0.980149
0.980821
0.981482
0.982131
0.982769
0.983396
0.984012
0.984616
0.985209
0.985791
0.986361
0.98692
0.987467
0.988003
0.988527
0.98904
0.989541
0.99003
0.990509
0.990975
0.99143
0.991873
0.992305
0.992725
0.993133
0.99353
0.993915
0.994288
0.99465
0.995
0.995338
0.995664
0.995979
0.996282
0.996573
0.996852
0.997119
0.997375
0.997619
0.997851
0.998071
0.998279
0.998475
0.99866
0.998832
0.998993
0.999142
0.999279
0.999404
0.999517
0.999619
0.999708
0.999785
0.999851
0.999905
0.999946
0.999976
0.999994
1
0.999994
0.999976
0.999946
0.999905
0.999851
0.999785
0.999708
0.999619
0.999517
0.999404
0.999279
0.999142
0.998993
0.998832
0.99866
0.998475
0.998279
0.998071
0.997851
0.997619
0.997375
0.997119
0.996852
0.996573
0.996282
0.995979
0.995664
0.995338
0.995
0.99465
0.994288
0.993915
0.99353
0.993133
0.992725
0.992305
0.991873
0.99143
0.990975
0.990509
0.99003
0.989541
0.98904
0.988527
0.988003
0.987467
0.98692
0.986361
0.985791
0.985209
0.984616
0.984012
0.983396
0.982769
0.982131
0.981482
0.980821
0.980149
0.979465
0.978771
0.978065
0.977348
0.976621
0.975882
0.975131
0.97437
0.973598
0.972815
0.972021
0.971216
0.9704
0.969573
0.968736
0.967887
0.967028
0.966158
0.965277
0.964386
0.963484
0.962571
0.961648
0.960714
0.95977
0.958815
0.95785
0.956874
0.955888
0.954891
0.953884
0.952867
0.95184
0.950802
0.949754
0.948696
0.947628
0.94655
0.945462
0.944363
0.943255
0.942137
0.941009
0.939871
0.938723
0.937566
0.936399
0.935222
0.934035
0.932839
0.931633
0.930418
0.929193
0.927959
0.926715
0.925462
0.9242
0.922928
0.921647
0.920357
0.919058
0.91775
0.916432
0.915106
0.913771
0.912426
0.911073
0.909711
0.90834
0.906961
0.905572
0.904175
0.90277
0.901356
0.899933
0.898502
0.897063
0.895615
0.894159
0.892694
0.891222
0.889741
0.888252
0.886755
0.88525
0.883737
0.882216
0.880687
0.87915
0.877606
0.876053
0.874493
0.872926
0.871351
0.869768
0.868178
0.866581
0.864976
0.863363
0.861744
0.860117
0.858483
0.856842
0.855194
0.853539
0.851877
0.850209
0.848533
0.84685
0.845161
0.843465
0.841762
0.840053
0.838338
0.836615
0.834887
0.833152
0.831411
0.829663
0.82791
0.82615
0.824384
0.822612
0.820834
0.81905
0.81726
0.815465
0.813664
0.811857
0.810044
0.808226
0.806402
0.804573
0.802738
0.800898
0.799053
0.797202
0.795347
0.793486
0.79162
0.789749
0.787873
0.785992
0.784106
0.782216
0.78032
0.77842
0.776516
0.774607
0.772693
0.770775
0.768852
0.766925
0.764994
0.763059
0.761119
0.759175
0.757228
0.755276
0.75332
0.75136
0.749397
0.74743
0.745459
0.743484
0.741506
0.739524
0.737539
0.73555
0.733558
0.731562
0.729564
0.727562
0.725557
0.723549
0.721537
0.719523
0.717506
0.715486
0.713463
0.711438
0.709409
0.707378
0.705345
0.703309
0.70127
0.699229
0.697186
0.69514
0.693092
0.691042
0.68899
0.686935
0.684879
0.68282
0.68076
0.678698
0.676634
0.674568
0.672501
0.670431
0.668361
0.666288
0.664214
0.662139
0.660063
0.657985
0.655905
0.653825
0.651743
0.649661
0.647577
0.645492
0.643406
0.64132
0.639232
0.637144
0.635055
0.632965
0.630874
0.628783
0.626692
0.6246
0.622507
0.620414
0.618321
0.616228
0.614134
0.61204
0.609946
0.607852
0.605758
0.603664
0.60157
0.599476
0.597382
0.595288
0.593195
0.591102
0.589009
0.586917
0.584825
0.582734
0.580644
0.578553
0.576464
0.574375
0.572287
0.5702
0.568114
0.566028
0.563944
0.56186
0.559778
0.557696
0.555616
0.553537
0.551459
0.549382
0.547307
0.545233
0.54316
0.541089
0.539019
0.536951
0.534884
0.532819
0.530755
0.528693
0.526633
0.524575
0.522519
0.520464
0.518411
0.516361
0.514312
0.512265
0.51022
0.508178
0.506137
0.504099
0.502063
0.500029
0.497998
0.495969
0.493942
0.491918
0.489896
0.487876
0.485859
0.483845
0.481833
0.479824
0.477818
0.475814
0.473814
0.471815
0.46982
0.467828
0.465838
0.463852
0.461868
0.459887
0.45791
0.455935
0.453964
0.451996
0.450031
0.448069
0.44611
0.444155
0.442202
0.440254
0.438308
0.436366
0.434428
0.432492
0.430561
0.428633
0.426708
0.424787
0.42287
0.420956
0.419046
0.417139
0.415237
0.413338
0.411443
0.409551
0.407664
0.40578
0.403901
0.402025
0.400153
0.398285
0.396421
0.394561
0.392705
0.390853
0.389006
0.387162
0.385323
0.383487
0.381656
0.379829
0.378007
0.376188
0.374374
0.372565
0.370759
0.368958
0.367161
0.365369
0.363581
0.361798
0.360019
0.358244
0.356474
0.354708
0.352947
0.351191
0.349439
0.347692
0.345949
0.344211
0.342478
0.340749
0.339025
0.337306
0.335591
0.333881
0.332176
0.330476
0.32878
0.327089
0.325404
0.323722
0.322046
0.320375
0.318708
0.317047
0.31539
0.313738
0.312091
0.310449
0.308812
0.30718
0.305553
0.303931
0.302314
0.300702
0.299095
0.297493
0.295896
0.294304
0.292718
0.291136
0.289559
0.287988
0.286421
0.28486
0.283304
0.281753
0.280207
0.278667
0.277131
0.275601
0.274076
0.272556
0.271041
0.269532
0.268027
0.266528
0.265034
0.263546
0.262062
0.260584
0.259111
0.257643
0.256181
0.254724
0.253272
0.251825
0.250384
0.248948
0.247517
0.246092
0.244672
0.243257
0.241847
0.240443
0.239044
0.23765
0.236262
0.234879
0.233501
0.232129
0.230762
0.2294
0.228043
0.226692
0.225347
0.224006
0.222671
0.221341
0.220016
0.218697
0.217383
0.216075
0.214771
0.213473
0.212181
0.210893
0.209611
0.208335
0.207063
0.205797
0.204536
0.203281
0.202031
0.200786
0.199546
0.198312
0.197083
0.195859
0.194641
0.193427
0.192219
0.191017
0.189819
0.188627
0.18744
0.186259
0.185082
0.183911
0.182745
0.181585
0.180429
0.179279
0.178134
0.176994
0.175859
0.17473
0.173605
0.172486
0.171372
0.170264
0.16916
0.168062
0.166968
0.16588
0.164797
0.163719
0.162646
0.161579
0.160516
0.159458
0.158406
0.157359
0.156316
0.155279
0.154247
0.15322
0.152197
0.15118
0.150168
0.149161
0.148159
0.147162
0.146169
0.145182
0.1442
0.143223
0.14225
0.141283
0.14032
0.139362
0.138409
0.137461
0.136518
0.13558
0.134647
0.133718
0.132795
0.131876
0.130961
0.130052
0.129148
0.128248
0.127353
0.126462
0.125577
0.124696
0.12382
0.122948
0.122081
0.121219
0.120362
0.119509
0.118661
0.117817
0.116978
0.116144
0.115314
0.114489
0.113668
0.112852
0.11204
0.111233
0.11043
0.109632
0.108839
0.108049
0.107265
0.106484
0.105708
0.104937
0.10417
0.103407
0.102649
0.101894
0.101145
0.100399
0.0996583
0.0989215
0.0981889
0.0974607
0.0967366
0.0960169
0.0953013
0.0945899
0.0938828
0.0931798
0.092481
0.0917863
0.0910957
0.0904093
0.089727
0.0890487
0.0883745
0.0877044
0.0870384
0.0863763
0.0857183
0.0850643
0.0844142
0.0837682
0.083126
0.0824879
0.0818536
0.0812233
0.0805968
0.0799742
0.0793555
0.0787407
0.0781296
0.0775224
0.076919
0.0763194
0.0757235
0.0751314
0.0745431
0.0739584
0.0733775
0.0728003
0.0722267
0.0716569
0.0710906
0.070528
0.0699691
0.0694137
0.0688619
0.0683137
0.067769
0.0672279
0.0666903
0.0661562
0.0656256
0.0650985
0.0645749
0.0640547
0.0635379
0.0630246
0.0625146
0.062008
0.0615049
0.061005
0.0605085
0.0600154
0.0595255
0.059039
0.0585557
0.0580757
0.0575989
0.0571254
0.056655
0.0561879
0.055724
0.0552632
0.0548056
0.0543512
0.0538999
0.0534516
0.0530065
0.0525645
0.0521255
0.0516895
0.0512566
0.0508268
0.0503999
0.049976
0.0495551
0.0491371
0.0487221
0.0483101
0.0479009
0.0474946
0.0470913
0.0466908
0.0462931
0.0458983
0.0455063
0.0451171
0.0447307
0.0443471
0.0439663
0.0435882
0.0432128
0.0428402
0.0424703
0.042103
0.0417385
0.0413766
0.0410174
0.0406608
0.0403068
0.0399554
0.0396066
0.0392604
0.0389167
0.0385756
0.0382371
0.037901
0.0375675
0.0372364
0.0369078
0.0365817
0.036258
0.0359368
0.035618
0.0353016
0.0349876
0.034676
0.0343667
0.0340598
0.0337552
0.033453
0.0331531
0.0328554
0.0325601
0.032267
0.0319762
0.0316876
0.0314012
0.0311171
0.0308352
0.0305554
0.0302779
0.0300025
0.0297292
0.0294581
0.0291891
0.0289222
0.0286575
0.0283948
0.0281341
0.0278756
0.0276191
0.0273646
0.0271121
0.0268617
0.0266132
0.0263668
0.0261223
0.0258797
0.0256391
0.0254005
0.0251637
0.0249289
0.024696
0.0244649
0.0242358
0.0240085
0.023783
0.0235594
0.0233376
0.0231176
0.0228994
0.022683
0.0224684
0.0222555
0.0220444
0.021835
0.0216274
0.0214215
0.0212173
0.0210148
0.0208139
0.0206148
0.0204173
0.0202215
0.0200273
0.0198347
0.0196437
0.0194544
0.0192666
0.0190805
0.0188959
0.0187129
0.0185314
0.0183514
0.018173
0.0179962
0.0178208
0.0176469
0.0174745
0.0173036
0.0171341
0.0169662
0.0167996
0.0166345
0.0164708
0.0163086
0.0161477
0.0159883
0.0158302
0.0156735
0.0155182
0.0153642
0.0152115
0.0150603
0.0149103
0.0147616
0.0146143
0.0144683
0.0143235
0.01418
0.0140378
0.0138969
0.0137572
0.0136187
0.0134815
0.0133455
0.0132107
0.0130772
0.0129448
0.0128136
0.0126836
0.0125547
0.0124271
0.0123005
0.0121751
0.0120509
0.0119278
0.0118057
0.0116848
0.011565
0.0114463
0.0113287
0.0112122
0.0110967
0.0109822
0.0108689
0.0107565
0.0106452
0.010535
0.0104257
0.0103175
0.0102102
0.010104
0.00999871
0.00989443
0.00979112
0.00968876
0.00958737
0.00948692
0.00938742
0.00928885
0.0091912
0.00909447
0.00899866
0.00890374
0.00880972
0.00871659
0.00862435
0.00853297
0.00844247
0.00835282
0.00826403
0.00817608
0.00808898
0.0080027
0.00791725
0.00783262
0.00774881
0.0076658
0.00758359
0.00750216
0.00742153
0.00734167
0.00726259
0.00718427
0.00710672
0.00702992
0.00695386
0.00687854
0.00680397
0.00673011
0.00665698
0.00658457
0.00651287
0.00644187
0.00637157
0.00630195
0.00623303
0.00616479
0.00609722
0.00603032
0.00596408
0.0058985
0.00583358
0.00576929
0.00570565
0.00564264
0.00558027
0.00551851
0.00545738
0.00539685
0.00533694
0.00527763
0.00521891
0.00516079
0.00510325
0.00504629
0.00498991
0.0049341
0.00487886
0.00482418
0.00477005
0.00471648
0.00466345
0.00461096
0.00455901
0.00450759
0.0044567
0.00440633
0.00435647
0.00430713
0.0042583
0.00420997
0.00416214
0.0041148
0.00406796
0.0040216
0.00397572
0.00393031
0.00388538
0.00384092
0.00379692
0.00375338
0.0037103
0.00366766
0.00362547
0.00358373
0.00354242
0.00350155
0.00346111
0.00342109
0.0033815
0.00334232
0.00330356
0.00326521
0.00322727
0.00318973
0.00315259
0.00311584
0.00307949
0.00304352
0.00300794
0.00297274
0.00293791
0.00290346
0.00286938
0.00283567
0.00280231
0.00276932
0.00273668
0.0027044
0.00267246
0.00264087
0.00260962
0.00257871
0.00254814
0.0025179
0.00248799
0.0024584
0.00242914
0.0024002
0.00237157
0.00234326
0.00231526
0.00228756
0.00226017
0.00223308
0.00220629
0.00217979
0.00215359
0.00212768
0.00210205
0.00207671
0.00205164
0.00202686
0.00200235
0.00197812
0.00195415
