2.11675e-05
1.4991e-05
1.06168e-05
7.51891e-06
5.37011e-06
1.21017e-05
2.51044e-05
4.25665e-05
6.31686e-05
9.14848e-05
0.000125264
0.000162913
0.000203337
0.000251164
0.000304269
0.000361059
0.000420511
0.00048734
0.000559375
0.000635115
0.000713461
0.000799124
0.000889988
0.000984535
0.00108165
0.0011861
0.00129576
0.00140907
0.00152501
0.00164824
0.00177668
0.00190878
0.00204348
0.00218546
0.00233262
0.00248347
0.00263689
0.00279764
0.00296349
0.00313306
0.00330521
0.00348464
0.00366921
0.00385748
0.00404832
0.00424644
0.00444972
0.00465664
0.00486616
0.00508293
0.00530487
0.00553042
0.00575855
0.00599392
0.00623446
0.00647863
0.00672536
0.00697931
0.00723842
0.00750114
0.00776643
0.00803896
0.00831659
0.00859786
0.00888169
0.00917271
0.00946882
0.00976856
0.0100709
0.0103803
0.0106949
0.0110131
0.0113338
0.0116617
0.0119947
0.0123313
0.0126704
0.0130167
0.013368
0.0137229
0.0140803
0.0144449
0.0148145
0.0151877
0.0155634
0.0159463
0.0163341
0.0167255
0.0171195
0.0175205
0.0179266
0.0183362
0.0187483
0.0191675
0.0195917
0.0200194
0.0204495
0.0208868
0.021329
0.0217748
0.022223
0.0226783
0.0231385
0.0236023
0.0240685
0.0245417
0.0250198
0.0255015
0.0259856
0.0264767
0.0269726
0.0274721
0.0279741
0.0284829
0.0289967
0.0295139
0.0300336
0.0305602
0.0310917
0.0316266
0.032164
0.0327082
0.0332573
0.0338098
0.0343648
0.0349266
0.0354932
0.0360633
0.0366357
0.037215
0.037799
0.0383865
0.0389764
0.039573
0.0401745
0.0407793
0.0413865
0.0420005
0.0426192
0.0432413
0.0438657
0.0444969
0.0451328
0.045772
0.0464136
0.0470619
0.0477149
0.0483711
0.0490298
0.0496951
0.0503651
0.0510383
0.051714
0.0523961
0.053083
0.0537731
0.0544656
0.0551646
0.0558682
0.0565751
0.0572843
0.058
0.0587203
0.0594438
0.0601697
0.060902
0.0616388
0.0623789
0.0631213
0.0638701
0.0646234
0.0653799
0.0661387
0.0669038
0.0676735
0.0684463
0.0692214
0.0700028
0.0707887
0.0715778
0.072369
0.0731666
0.0739686
0.0747737
0.0755811
0.0763947
0.0772126
0.0780337
0.078857
0.0796865
0.0805203
0.0813572
0.0821963
0.0830416
0.0838912
0.0847438
0.0855986
0.0864595
0.0873247
0.0881929
0.0890633
0.0899397
0.0908204
0.0917041
0.0925899
0.0934817
0.0943777
0.0952767
0.0961778
0.0970849
0.0979961
0.0989103
0.0998266
0.100749
0.101675
0.102604
0.103536
0.104473
0.105414
0.106358
0.107304
0.108256
0.109212
0.110171
0.111132
0.112099
0.113069
0.114043
0.115018
0.116
0.116985
0.117973
0.118963
0.119958
0.120958
0.12196
0.122965
0.123974
0.124988
0.126005
0.127023
0.128047
0.129075
0.130105
0.131138
0.132176
0.133217
0.134262
0.135308
0.13636
0.137415
0.138473
0.139533
0.140599
0.141668
0.142739
0.143813
0.144892
0.145974
0.147059
0.148146
0.149238
0.150334
0.151432
0.152532
0.153637
0.154746
0.155857
0.15697
0.158088
0.15921
0.160334
0.16146
0.162591
0.163726
0.164863
0.166001
0.167145
0.168292
0.169442
0.170593
0.171749
0.172908
0.17407
0.175234
0.176402
0.177574
0.178748
0.179924
0.181104
0.182288
0.183474
0.184662
0.185854
0.18705
0.188248
0.189447
0.190651
0.191859
0.193068
0.19428
0.195495
0.196714
0.197935
0.199158
0.200385
0.201615
0.202848
0.204082
0.20532
0.206561
0.207805
0.20905
0.210299
0.211551
0.212806
0.214062
0.215322
0.216585
0.21785
0.219117
0.220388
0.221661
0.222937
0.224214
0.225496
0.22678
0.228066
0.229353
0.230645
0.231939
0.233235
0.234533
0.235835
0.237139
0.238445
0.239753
0.241064
0.242378
0.243694
0.245012
0.246333
0.247656
0.248982
0.250309
0.251639
0.252972
0.254307
0.255644
0.256983
0.258326
0.25967
0.261015
0.262364
0.263716
0.265069
0.266423
0.267781
0.269141
0.270503
0.271866
0.273232
0.274601
0.275971
0.277343
0.278718
0.280095
0.281474
0.282854
0.284237
0.285622
0.287009
0.288397
0.289788
0.291182
0.292576
0.293972
0.295371
0.296772
0.298175
0.299579
0.300985
0.302394
0.303804
0.305215
0.306629
0.308045
0.309463
0.310881
0.312302
0.313725
0.31515
0.316575
0.318003
0.319433
0.320865
0.322297
0.323732
0.325169
0.326607
0.328046
0.329487
0.330931
0.332375
0.33382
0.335268
0.336718
0.338168
0.33962
0.341074
0.34253
0.343986
0.345444
0.346904
0.348365
0.349828
0.351291
0.352756
0.354223
0.355691
0.35716
0.358631
0.360104
0.361577
0.363051
0.364527
0.366005
0.367483
0.368963
0.370444
0.371926
0.37341
0.374894
0.37638
0.377867
0.379355
0.380844
0.382335
0.383826
0.385319
0.386812
0.388307
0.389803
0.3913
0.392797
0.394296
0.395796
0.397297
0.398799
0.400301
0.401805
0.40331
0.404815
0.406322
0.407829
0.409337
0.410846
0.412356
0.413867
0.415378
0.41689
0.418403
0.419917
0.421432
0.422947
0.424463
0.42598
0.427497
0.429015
0.430534
0.432054
0.433574
0.435094
0.436616
0.438138
0.43966
0.441183
0.442707
0.444231
0.445756
0.447281
0.448807
0.450333
0.45186
0.453387
0.454914
0.456442
0.457971
0.459499
0.461028
0.462558
0.464088
0.465618
0.467149
0.468679
0.470211
0.471742
0.473274
0.474806
0.476338
0.47787
0.479403
0.480936
0.482469
0.484002
0.485535
0.487068
0.488602
0.490135
0.491669
0.493203
0.494737
0.496271
0.497805
0.499339
0.500873
0.502407
0.503941
0.505475
0.507009
0.508542
0.510076
0.51161
0.513143
0.514677
0.51621
0.517743
0.519276
0.520809
0.522341
0.523874
0.525406
0.526938
0.52847
0.530001
0.531532
0.533063
0.534593
0.536123
0.537653
0.539183
0.540712
0.54224
0.543769
0.545297
0.546824
0.548351
0.549878
0.551404
0.55293
0.554455
0.555979
0.557503
0.559027
0.56055
0.562072
0.563594
0.565115
0.566636
0.568156
0.569676
0.571194
0.572712
0.574229
0.575746
0.577262
0.578777
0.580292
0.581806
0.583318
0.58483
0.586342
0.587853
0.589362
0.590871
0.592379
0.593886
0.595392
0.596898
0.598402
0.599906
0.601408
0.60291
0.60441
0.605911
0.607409
0.608907
0.610403
0.611899
0.613394
0.614887
0.616379
0.617871
0.619361
0.62085
0.622338
0.623825
0.62531
0.626795
0.628278
0.62976
0.631241
0.63272
0.634199
0.635676
0.637152
0.638626
0.640099
0.641572
0.643042
0.644511
0.645979
0.647446
0.648911
0.650374
0.651836
0.653298
0.654757
0.656214
0.657671
0.659127
0.66058
0.662031
0.663482
0.664931
0.666378
0.667824
0.669268
0.670711
0.672152
0.673591
0.675029
0.676466
0.6779
0.679332
0.680763
0.682193
0.683621
0.685046
0.68647
0.687894
0.689314
0.690732
0.69215
0.693566
0.694979
0.69639
0.6978
0.699208
0.700614
0.702018
0.70342
0.704821
0.706219
0.707615
0.70901
0.710403
0.711793
0.713181
0.714568
0.715953
0.717336
0.718716
0.720094
0.721471
0.722845
0.724217
0.725587
0.726956
0.728321
0.729684
0.731046
0.732406
0.733763
0.735117
0.73647
0.737821
0.739169
0.740514
0.741858
0.7432
0.744539
0.745876
0.74721
0.748543
0.749873
0.7512
0.752525
0.753849
0.755169
0.756486
0.757802
0.759116
0.760426
0.761734
0.76304
0.764344
0.765644
0.766942
0.768238
0.769532
0.770823
0.77211
0.773396
0.77468
0.77596
0.777237
0.778513
0.779786
0.781056
0.782323
0.783587
0.78485
0.786109
0.787365
0.788619
0.789872
0.79112
0.792365
0.793608
0.79485
0.796087
0.797321
0.798552
0.799783
0.801009
0.802231
0.803452
0.804671
0.805885
0.807096
0.808306
0.809513
0.810716
0.811916
0.813113
0.814309
0.8155
0.816688
0.817873
0.819057
0.820236
0.821412
0.822585
0.823757
0.824924
0.826088
0.827249
0.828409
0.829563
0.830715
0.831864
0.833011
0.834153
0.835292
0.836428
0.837563
0.838692
0.839818
0.840942
0.842064
0.84318
0.844294
0.845404
0.846513
0.847617
0.848717
0.849815
0.85091
0.852001
0.853088
0.854172
0.855255
0.856332
0.857406
0.858477
0.859546
0.86061
0.86167
0.862727
0.863783
0.864833
0.865879
0.866923
0.867965
0.869001
0.870034
0.871063
0.872091
0.873114
0.874132
0.875148
0.876162
0.87717
0.878175
0.879176
0.880176
0.88117
0.88216
0.883147
0.884133
0.885112
0.886088
0.887061
0.888031
0.888996
0.889957
0.890916
0.891872
0.892822
0.893768
0.894712
0.895653
0.896589
0.89752
0.898449
0.899375
0.900296
0.901212
0.902125
0.903037
0.903942
0.904843
0.905741
0.906638
0.907528
0.908414
0.909297
0.910177
0.911052
0.911923
0.91279
0.913655
0.914514
0.915369
0.916221
0.917071
0.917915
0.918754
0.91959
0.920424
0.921252
0.922075
0.922895
0.923713
0.924525
0.925333
0.926137
0.926939
0.927735
0.928526
0.929314
0.9301
0.93088
0.931655
0.932427
0.933197
0.93396
0.934719
0.935475
0.936228
0.936976
0.937718
0.938457
0.939194
0.939925
0.940651
0.941373
0.942094
0.942808
0.943517
0.944223
0.944927
0.945624
0.946317
0.947006
0.947693
0.948373
0.949049
0.949721
0.950391
0.951055
0.951714
0.952369
0.953022
0.953669
0.95431
0.954949
0.955585
0.956214
0.956839
0.95746
0.958079
0.958691
0.959298
0.959902
0.960503
0.961098
0.961688
0.962275
0.962859
0.963436
0.964009
0.964578
0.965145
0.965705
0.96626
0.966811
0.967361
0.967903
0.96844
0.968974
0.969506
0.970031
0.970551
0.971067
0.971581
0.972088
0.97259
0.973089
0.973585
0.974074
0.974558
0.975039
0.975517
0.975988
0.976455
0.976917
0.977378
0.977831
0.978279
0.978724
0.979167
0.979602
0.980032
0.980459
0.980883
0.9813
0.981713
0.982121
0.982528
0.982927
0.983321
0.983711
0.984099
0.98448
0.984856
0.985228
0.985598
0.985961
0.986318
0.986672
0.987024
0.987368
0.987707
0.988043
0.988376
0.988702
0.989023
0.98934
0.989655
0.989962
0.990265
0.990563
0.99086
0.991149
0.991433
0.991713
0.991991
0.992261
0.992527
0.992788
0.993048
0.9933
0.993546
0.99379
0.99403
0.994264
0.994492
0.994716
0.994939
0.995153
0.995363
0.995569
0.995772
0.995968
0.996159
0.996347
0.996531
0.996709
0.996881
0.99705
0.997216
0.997374
0.997528
0.997678
0.997825
0.997965
0.9981
0.998231
0.99836
0.998481
0.998597
0.998709
0.998819
0.998922
0.999019
0.999112
0.999203
0.999287
0.999366
0.99944
0.999513
0.999577
0.999637
0.999693
0.999746
0.999792
0.999833
0.99987
0.999905
0.999932
0.999954
0.999973
0.999988
0.999997
1
1
0.999996
0.999986
0.99997
0.999951
0.999929
0.9999
0.999866
0.999827
0.999787
0.999739
0.999685
0.999628
0.999569
0.999502
0.99943
0.999354
0.999276
0.99919
0.999099
0.999005
0.998908
0.998803
0.998694
0.99858
0.998464
0.998341
0.998213
0.998081
0.997946
0.997804
0.997657
0.997506
0.997352
0.997192
0.997026
0.996856
0.996684
0.996505
0.99632
0.996132
0.995941
0.995743
0.99554
0.995333
0.995123
0.994906
0.994684
0.994459
0.994231
0.993995
0.993755
0.993511
0.993264
0.99301
0.992751
0.992488
0.992223
0.99195
0.991673
0.991392
0.991108
0.990817
0.990521
0.990221
0.989919
0.989609
0.989295
0.988976
0.988656
0.988328
0.987995
0.987658
0.987319
0.986973
0.986622
0.986267
0.985909
0.985545
0.985175
0.984802
0.984426
0.984043
0.983655
0.983264
0.98287
0.982469
0.982063
0.981653
0.981241
0.980822
0.980398
0.97997
0.97954
0.979103
0.978661
0.978215
0.977766
0.977311
0.976851
0.976387
0.975921
0.975448
0.97497
0.974488
0.974004
0.973513
0.973017
0.972517
0.972015
0.971507
0.970993
0.970476
0.969956
0.969429
0.968898
0.968363
0.967826
0.967281
0.966732
0.96618
0.965625
0.965063
0.964496
0.963926
0.963354
0.962775
0.962191
0.961603
0.961013
0.960417
0.959815
0.95921
0.958603
0.957989
0.95737
0.956748
0.956124
0.955493
0.954857
0.954218
0.953576
0.952928
0.952275
0.951619
0.95096
0.950295
0.949625
0.948951
0.948276
0.947594
0.946907
0.946217
0.945524
0.944825
0.944122
0.943415
0.942706
0.94199
0.94127
0.940546
0.93982
0.939088
0.938351
0.937611
0.936868
0.93612
0.935366
0.93461
0.933851
0.933086
0.932316
0.931543
0.930768
0.929987
0.929201
0.928412
0.927621
0.926823
0.926021
0.925216
0.924409
0.923595
0.922777
0.921956
0.921133
0.920303
0.91947
0.918633
0.917793
0.916948
0.916099
0.915246
0.914391
0.91353
0.912665
0.911797
0.910927
0.91005
0.909169
0.908286
0.9074
0.906508
0.905612
0.904713
0.903812
0.902905
0.901994
0.90108
0.900163
0.899241
0.898315
0.897386
0.896454
0.895517
0.894576
0.893632
0.892686
0.891734
0.890778
0.889819
0.888858
0.887891
0.886921
0.885947
0.884971
0.88399
0.883005
0.882017
0.881027
0.880032
0.879032
0.87803
0.877025
0.876015
0.875002
0.873985
0.872967
0.871943
0.870915
0.869885
0.868852
0.867814
0.866773
0.865728
0.864682
0.86363
0.862575
0.861517
0.860457
0.859392
0.858322
0.857251
0.856177
0.855099
0.854016
0.852931
0.851844
0.850752
0.849657
0.848558
0.847458
0.846353
0.845244
0.844133
0.84302
0.841902
0.84078
0.839656
0.83853
0.837399
0.836264
0.835127
0.833989
0.832845
0.831698
0.830549
0.829397
0.828241
0.827082
0.82592
0.824756
0.823588
0.822416
0.821242
0.820067
0.818886
0.817702
0.816516
0.815328
0.814136
0.81294
0.811742
0.810543
0.809339
0.808132
0.806922
0.805711
0.804495
0.803276
0.802055
0.800832
0.799605
0.798375
0.797143
0.795909
0.79467
0.793429
0.792185
0.79094
0.789691
0.788439
0.787184
0.785928
0.784668
0.783405
0.78214
0.780873
0.779602
0.778329
0.777053
0.775776
0.774495
0.773211
0.771924
0.770637
0.769346
0.768051
0.766755
0.765457
0.764156
0.762851
0.761545
0.760238
0.758926
0.757612
0.756296
0.754979
0.753658
0.752334
0.751008
0.749681
0.748351
0.747018
0.745683
0.744347
0.743007
0.741664
0.74032
0.738975
0.737626
0.736275
0.734922
0.733567
0.73221
0.73085
0.729488
0.728125
0.726758
0.725389
0.724019
0.722647
0.721273
0.719895
0.718517
0.717137
0.715754
0.714368
0.712981
0.711593
0.710202
0.708809
0.707414
0.706018
0.704619
0.703218
0.701815
0.700412
0.699005
0.697596
0.696186
0.694775
0.693361
0.691945
0.690528
0.68911
0.687688
0.686265
0.684841
0.683415
0.681987
0.680557
0.679126
0.677693
0.676258
0.674822
0.673384
0.671945
0.670503
0.66906
0.667615
0.66617
0.664722
0.663273
0.661822
0.66037
0.658917
0.657461
0.656004
0.654547
0.653087
0.651626
0.650163
0.6487
0.647234
0.645767
0.644299
0.64283
0.641359
0.639887
0.638414
0.636939
0.635463
0.633986
0.632507
0.631028
0.629547
0.628064
0.626581
0.625097
0.623611
0.622123
0.620635
0.619146
0.617656
0.616164
0.614672
0.613178
0.611683
0.610187
0.608691
0.607193
0.605694
0.604194
0.602693
0.601192
0.599689
0.598185
0.596681
0.595176
0.593669
0.592162
0.590654
0.589145
0.587635
0.586124
0.584613
0.583101
0.581587
0.580073
0.578559
0.577044
0.575528
0.574011
0.572493
0.570975
0.569456
0.567937
0.566417
0.564896
0.563375
0.561853
0.56033
0.558807
0.557284
0.555759
0.554235
0.55271
0.551184
0.549658
0.548131
0.546604
0.545077
0.543549
0.54202
0.540492
0.538962
0.537433
0.535903
0.534373
0.532842
0.531311
0.52978
0.528249
0.526717
0.525185
0.523653
0.522121
0.520588
0.519055
0.517522
0.515989
0.514456
0.512922
0.511389
0.509855
0.508321
0.506788
0.505254
0.50372
0.502186
0.500652
0.499118
0.497584
0.49605
0.494516
0.492982
0.491448
0.489915
0.488381
0.486848
0.485314
0.483781
0.482248
0.480715
0.479182
0.477649
0.476117
0.474585
0.473053
0.471521
0.46999
0.468459
0.466928
0.465398
0.463867
0.462338
0.460808
0.459279
0.45775
0.456222
0.454694
0.453167
0.45164
0.450113
0.448587
0.447061
0.445536
0.444012
0.442487
0.440964
0.439441
0.437919
0.436397
0.434875
0.433355
0.431835
0.430315
0.428797
0.427279
0.425762
0.424245
0.422729
0.421214
0.419699
0.418185
0.416672
0.415161
0.413649
0.412138
0.410629
0.40912
0.407612
0.406105
0.404599
0.403093
0.401589
0.400085
0.398583
0.397081
0.395581
0.39408
0.392582
0.391084
0.389588
0.388092
0.386597
0.385104
0.383612
0.38212
0.38063
0.379141
0.377653
0.376166
0.37468
0.373196
0.371713
0.37023
0.36875
0.367271
0.365792
0.364315
0.362839
0.361365
0.359892
0.358419
0.356949
0.35548
0.354012
0.352545
0.35108
0.349617
0.348155
0.346693
0.345234
0.343777
0.34232
0.340864
0.339411
0.33796
0.336509
0.33506
0.333612
0.332167
0.330723
0.32928
0.327839
0.3264
0.324962
0.323525
0.322091
0.320659
0.319228
0.317798
0.31637
0.314945
0.31352
0.312097
0.310677
0.309259
0.307841
0.306425
0.305012
0.303601
0.302191
0.300783
0.299377
0.297973
0.296571
0.29517
0.293772
0.292376
0.290981
0.289588
0.288197
0.286809
0.285423
0.284037
0.282655
0.281275
0.279897
0.27852
0.277146
0.275774
0.274404
0.273035
0.27167
0.270307
0.268945
0.267585
0.266228
0.264874
0.263521
0.26217
0.260822
0.259476
0.258133
0.25679
0.255452
0.254115
0.252781
0.251448
0.250118
0.248791
0.247466
0.246142
0.244822
0.243505
0.242189
0.240875
0.239565
0.238257
0.236951
0.235647
0.234346
0.233049
0.231753
0.230459
0.229168
0.227881
0.226595
0.225311
0.224031
0.222754
0.221478
0.220205
0.218935
0.217668
0.216404
0.21514
0.213881
0.212625
0.211371
0.210119
0.208871
0.207626
0.206383
0.205141
0.203904
0.20267
0.201438
0.200208
0.198982
0.197759
0.196539
0.19532
0.194105
0.192894
0.191685
0.190478
0.189275
0.188075
0.186878
0.185682
0.184491
0.183303
0.182118
0.180934
0.179755
0.178579
0.177405
0.176234
0.175067
0.173903
0.172742
0.171582
0.170427
0.169276
0.168127
0.16698
0.165838
0.164699
0.163563
0.162428
0.161299
0.160173
0.159049
0.157927
0.15681
0.155697
0.154587
0.153478
0.152374
0.151274
0.150176
0.14908
0.14799
0.146903
0.145818
0.144736
0.143659
0.142585
0.141514
0.140445
0.139381
0.138321
0.137264
0.136208
0.135158
0.134111
0.133068
0.132026
0.13099
0.129957
0.128927
0.127899
0.126877
0.125858
0.124843
0.123829
0.12282
0.121816
0.120814
0.119815
0.118821
0.117831
0.116843
0.115858
0.114878
0.113903
0.11293
0.111959
0.110994
0.110033
0.109075
0.108119
0.107168
0.106222
0.105279
0.104337
0.103402
0.10247
0.101542
0.100616
0.099695
0.0987786
0.0978652
0.0969538
0.0960484
0.0951472
0.094249
0.0933528
0.0924627
0.0915768
0.0906939
0.0898131
0.0889383
0.0880679
0.0872004
0.0863352
0.085476
0.0846211
0.0837692
0.0829195
0.082076
0.0812367
0.0804006
0.0795666
0.0787389
0.0779155
0.0770952
0.0762771
0.0754652
0.0746578
0.0738534
0.0730513
0.0722555
0.0714641
0.0706759
0.0698899
0.0691102
0.068335
0.067563
0.0667932
0.0660298
0.0652709
0.0645152
0.0637617
0.0630147
0.0622723
0.061533
0.060796
0.0600655
0.0593396
0.0586169
0.0578965
0.0571826
0.0564733
0.0557672
0.0550634
0.0543662
0.0536737
0.0529844
0.0522974
0.051617
0.0509413
0.0502689
0.0495988
0.0489354
0.0482766
0.0476211
0.046968
0.0463216
0.0456799
0.0450415
0.0444055
0.0437762
0.0431516
0.0425304
0.0419115
0.0412994
0.0406921
0.0400882
0.0394866
0.0388918
0.0383018
0.0377152
0.037131
0.0365536
0.035981
0.0354119
0.0348451
0.0342852
0.0337301
0.0331785
0.0326293
0.0320869
0.0315495
0.0310154
0.0304838
0.0299591
0.0294393
0.028923
0.0284091
0.0279021
0.0274
0.0269014
0.0264053
0.0259162
0.0254319
0.0249512
0.0244729
0.0240016
0.0235353
0.0230725
0.0226121
0.0221588
0.0217104
0.0212656
0.0208232
0.0203879
0.0199576
0.0195308
0.0191065
0.0186893
0.018277
0.0178683
0.0174622
0.0170631
0.016669
0.0162785
0.0158905
0.0155096
0.0151337
0.0147615
0.0143917
0.0140291
0.0136715
0.0133175
0.0129661
0.0126218
0.0122826
0.0119469
0.0116138
0.0112879
0.010967
0.0106498
0.0103351
0.0100275
0.00972515
0.00942632
0.00913009
0.00884107
0.00855714
0.00827679
0.00799902
0.00772848
0.00746306
0.00720126
0.00694205
0.00669007
0.00644318
0.00619994
0.00595928
0.00572587
0.00549761
0.005273
0.00505095
0.00483619
0.00462655
0.00442059
0.00421718
0.00402108
0.00383009
0.00364277
0.00345805
0.00328059
0.00310833
0.0029397
0.0027737
0.00261496
0.00246142
0.00231152
0.0021642
0.00202422
0.00188943
0.00175829
0.00162972
0.00150848
0.00139241
0.00128005
0.00117025
0.0010678
0.000970514
0.000876912
0.000785934
0.00070225
0.000623769
0.000548954
0.000476754
0.000411895
0.000352218
0.000296228
0.000242869
0.000196789
0.00015592
0.000118723
8.41437e-05
5.95914e-05
4.22032e-05
2.98887e-05
