0.327599
0.0538421
0.406725
-0.0394057
0.207407
-0.02331
-0.31251
-0.0884934
-0.302419
-0.178471
-0.298853
0.155149
-0.250935
-0.547997
-0.143015
0.0386041
0.305182
0.381936
0.621009
0.269304
0.44301
0.538344
0.273447
0.501206
0.49979
0.146673
-0.0444488
0.052446
0.354271
-0.102541
-0.142777
-0.44464
-0.377344
-0.250051
-0.0726641
-0.025115
-0.296591
-0.499443
-0.4871
-0.704363
-0.129629
0.283837
-0.127668
0.285194
0.0634626
0.166397
0.387066
0.53378
0.726944
0.323548
0.60239
0.104678
-0.119027
0.00822478
-0.369939
-0.378435
0.0558368
-0.0245059
0.353456
0.0355253
-0.140783
-0.0943904
-0.167952
0.154144
-0.0966216
-0.424816
0.0727755
-0.261717
0.183449
-0.114104
0.250264
0.499172
0.377756
0.428462
0.48747
0.571151
0.132928
0.387223
-0.0803301
-0.3165
-0.010586
-0.342306
-0.148706
-0.0754701
0.166332
0.112465
-0.104858
-0.356806
-0.184299
0.213431
0.262873
0.245176
0.508886
0.169517
0.376794
0.272242
-0.170461
-0.332193
0.137317
0.410934
0.288481
0.296967
0.235694
-0.176552
-0.279704
-0.56357
-0.630583
-0.0714252
0.285391
-0.173821
0.21274
0.506361
0.0434718
0.361015
0.583566
0.503811
0.340484
0.00122461
0.233651
-0.13884
-0.469689
-0.171067
-0.472993
0.0406346
0.127586
0.255731
-0.078829
0.282392
0.159885
0.159541
-0.0999746
-0.200293
-0.51514
-0.721837
-0.220755
-0.164675
0.237758
0.538516
0.707678
0.816567
0.392383
0.563761
0.120488
-0.120193
-0.425157
0.041369
0.134451
0.445279
0.0107316
0.333421
0.261734
-0.136563
-0.220428
0.120481
0.120221
-0.289941
0.1245
0.265569
0.188211
0.357551
0.619709
0.0754246
-0.225002
0.196082
0.317985
0.601347
0.801295
0.288108
0.561314
0.600902
0.778068
0.84907
0.501291
0.715406
0.262822
0.525672
0.291581
-0.074991
0.167203
0.481297
0.60744
0.3028
0.156081
0.255509
0.419246
0.610993
0.457968
0.340444
0.5507
0.0209421
-0.307347
-0.00781529
-0.0197151
0.347618
-0.101621
-0.278147
-0.158415
0.0506212
0.0100176
0.0426878
-0.221272
-0.0475022
0.217353
0.495208
0.35919
-0.0793337
-0.431499
-0.597704
-0.083442
-0.0302693
-0.396596
-0.329879
-0.170606
0.193846
-0.202045
-0.49596
-0.727368
-0.247243
0.171359
0.0272073
0.160686
0.357674
0.367596
0.127323
0.212746
0.351675
0.101441
0.228872
0.251898
0.062737
0.199064
0.491283
0.225944
0.29649
0.284226
0.0977556
0.440292
0.0684092
0.212718
-0.197396
-0.254025
0.196053
0.230135
0.449488
-0.0578137
0.252344
-0.17766
-0.43193
-0.677938
-0.782317
-0.217636
-0.483248
-0.271489
0.0736681
0.374615
-0.110854
-0.271253
-0.540782
-0.040908
-0.360519
-0.614625
-0.281766
0.111208
-0.204414
-0.17165
0.225593
-0.116047
-0.135215
0.234096
0.538524
0.0888429
0.264174
0.289575
0.577462
0.139215
0.251093
0.191538
0.0472765
0.0888524
0.35906
0.274318
-0.112399
-0.148085
0.17002
-0.231765
-0.429322
-0.664801
-0.635638
-0.815825
-0.952722
-0.684572
-0.848769
-0.944699
-0.655929
-0.623276
-0.647492
-0.310048
-0.555306
-0.52758
-0.749661
-0.899957
-0.927623
-0.292987
-0.581537
-0.721466
-0.652687
-0.812146
-0.229464
0.195303
0.32094
0.282971
-0.137393
0.264694
-0.129508
0.252989
-0.1249
-0.211147
-0.201551
0.18299
0.43335
0.00876193
0.380673
0.149912
0.439852
0.615449
0.0597208
0.212888
0.506486
0.318868
0.259159
0.250795
-0.184289
-0.134227
-0.178073
-0.445307
-0.316603
-0.280535
-0.437958
-0.130138
-0.332329
-0.581047
-0.136185
-0.0538462
0.22899
0.532642
0.395449
0.0481827
0.355919
0.263246
0.0647571
0.261147
0.556464
0.349157
-0.0839807
-0.299121
-0.080458
-0.359154
-0.593216
-0.0461447
-0.011024
0.325115
0.584879
0.77868
0.322441
-0.142355
0.240959
0.403814
0.585822
0.776668
0.241055
0.542134
0.0262914
0.386829
-0.0923788
0.111798
0.439768
-0.000372543
-0.33084
-0.163678
0.100553
-0.0100644
0.0744378
0.260124
0.0896014
0.349129
0.440673
0.194644
0.440801
0.257645
0.521278
0.716355
0.399673
0.603848
0.625232
0.519246
0.0155861
0.134087
-0.245939
-0.367776
-0.106561
-0.165579
0.0283249
-0.108769
0.0467054
-0.083676
-0.426329
-0.282444
-0.37186
-0.00151478
0.374758
0.214856
-0.138976
0.106317
-0.250302
-0.364324
-0.577748
-0.0551921
-0.368828
0.0556339
0.152051
-0.0742182
-0.32864
-0.266833
0.0705595
0.395103
0.146444
0.273625
0.0385821
-0.344357
-0.434155
-0.12272
0.162894
0.444234
0.647679
0.454025
0.00748803
-0.137874
-0.185516
0.0846225
0.422145
0.566519
0.576123
0.76709
0.603807
0.80089
0.19545
0.259961
-0.104727
-0.407411
0.0779373
-0.062018
0.247784
-0.192471
0.0461898
-0.129939
-0.154125
0.0912556
0.130261
0.434214
-0.0673158
0.197344
-0.233617
-0.00523791
0.106548
0.437551
-0.0408516
-0.0133126
-0.266271
0.186167
-0.153536
-0.0861965
0.0965344
0.299687
0.303348
0.579265
0.64195
0.442229
0.524272
0.0297079
0.325743
0.213103
0.455416
-0.0536329
-0.298384
-0.0741422
-0.221269
0.0830345
-0.229108
-0.325472
-0.587074
-0.707447
-0.863752
-0.289003
0.0608822
-0.326792
-0.590564
-0.184325
-0.358166
-0.348197
-0.36665
-0.482024
-0.113406
0.0693703
0.0686607
0.0767271
0.0458614
0.200654
0.241874
0.238676
-0.144724
-0.405573
-0.176214
0.181803
-0.236257
-0.192489
-0.0937012
-0.418874
-0.375701
-0.64109
-0.552153
-0.0572073
0.187868
0.469721
0.303737
0.367215
-0.0229326
-0.134077
0.164604
-0.23808
0.180796
0.457458
0.0181358
-0.0293268
0.335688
0.0473865
-0.241123
-0.535783
-0.723162
-0.797395
-0.926989
-1
-0.346958
0.0375309
-0.328698
-0.380178
-0.428514
-0.0855876
-0.427269
-0.577098
-0.67539
-0.457734
-0.696207
-0.378742
-0.396909
0.080033
0.249457
0.232057
-0.107643
-0.451503
-0.394185
-0.46201
0.0306835
0.103686
-0.30124
-0.304995
-0.0463276
-0.276604
0.00380984
0.279407
0.477429
0.0363094
-0.255748
-0.535428
-0.616196
-0.0967228
0.0228039
-0.0987652
-0.360546
-0.270208
0.15793
-0.23292
-0.354255
-0.132803
0.252201
0.326964
0.05195
0.0707185
0.0292715
-0.287704
-0.137299
-0.0165634
-0.0141985
-0.287869
0.169894
0.111945
0.443794
0.0479986
0.125289
0.449656
0.558702
0.0211121
-0.0176407
-0.0116594
-0.382351
-0.125967
0.241027
0.421668
-0.0449053
-0.228677
-0.101279
-0.365922
0.115709
0.435451
-0.0547226
0.174356
-0.0563259
0.301018
0.366156
-0.0761814
-0.428427
-0.0823157
0.310272
0.0183561
-0.0406163
0.280697
0.259532
0.508354
0.546
0.748012
0.182259
0.39967
0.135935
0.457154
0.590109
0.447067
0.328308
0.549936
0.409247
0.278998
-0.174925
-0.0247276
0.13051
-0.050622
-0.184235
-0.49624
-0.629778
-0.0929707
0.235993
0.119193
-0.204834
0.230629
0.449726
-0.0457482
0.304574
0.591832
0.10843
0.393561
0.512044
0.476754
0.627945
0.218206
0.18347
-0.231344
-0.514782
-0.382049
-0.114534
-0.42399
-0.102687
0.112405
0.454899
0.0367074
-0.274689
-0.218814
-0.0528106
-0.376806
0.0953664
0.412941
0.320009
0.514662
0.64666
0.39182
0.606175
0.102745
-0.278548
-0.131843
0.278885
-0.133929
-0.458465
-0.0817184
0.236172
-0.197597
-0.0231348
-0.244821
0.202567
0.451029
0.249302
0.328747
0.596915
0.733354
0.463518
0.0143146
-0.036634
-0.313231
0.123071
0.433725
0.412659
-0.0779836
0.286591
0.0794908
-0.319411
-0.362766
-0.625569
-0.493181
-0.638832
-0.381257
-0.510913
-0.720115
-0.857931
-0.300507
-0.509542
-0.341532
-0.615739
-0.675646
-0.158632
0.188319
0.449641
0.583085
0.0917778
-0.261766
0.0022133
-0.0591369
-0.382383
0.0671804
0.353989
0.275701
0.463098
0.702169
0.13839
0.25793
0.226329
0.0358214
-0.345481
-0.616134
-0.107805
-0.386682
-0.631151
-0.0716593
0.31985
0.298189
0.120152
0.17621
0.188836
-0.175091
-0.370475
0.0514879
-0.322827
-0.44253
0.00379282
0.242206
0.44396
0.329487
0.100953
0.436763
0.346459
-0.046086
0.0578211
0.357761
0.619929
0.311749
-0.0773356
0.306344
0.435758
0.491551
0.289501
0.439902
0.369185
-0.000886434
-0.293958
0.15735
0.455365
0.360726
0.123559
0.437679
0.231589
-0.13783
0.248638
0.361674
-0.0833331
0.289003
0.392859
0.00423605
-0.237643
-0.538575
-0.376184
-0.41118
-0.232993
-0.530646
-0.228447
0.21284
0.50082
0.539763
0.358282
-0.0789718
0.00430735
0.0652408
-0.323246
-0.493529
-0.119625
0.175984
-0.0993308
0.0276842
0.394165
0.644922
0.497715
-0.015113
0.179492
0.332024
0.232805
0.539478
0.604154
0.150532
0.118484
0.0295933
0.325593
-0.10802
0.155381
0.48002
0.221637
0.489228
0.587278
0.40347
-0.0737302
-0.308345
-0.382793
-0.058074
0.334915
-0.100279
0.161434
0.333498
-0.110311
-0.386791
-0.638085
-0.34108
-0.339724
0.0935837
-0.192476
0.23189
0.41569
0.564712
0.0483081
0.381811
0.209582
-0.0360984
-0.396228
-0.656772
-0.664657
-0.253332
0.19673
0.419633
-0.0772788
0.25018
0.317775
0.367343
-0.110309
-0.144816
-0.177637
-0.197549
-0.510915
-0.647084
-0.201064
-0.134863
0.137624
0.113964
0.301223
0.331948
-0.140838
0.00372647
-0.295839
-0.477419
-0.686555
-0.832065
-0.868066
-0.635156
-0.0982327
0.302324
0.561131
0.370541
0.101643
-0.2245
-0.52183
-0.745585
-0.57362
-0.673667
-0.836225
-0.346157
-0.514411
-0.494305
-0.455256
-0.463363
-0.519088
-0.00865268
0.135143
0.10203
0.267354
-0.186578
-0.344857
-0.33491
0.0670401
-0.195697
0.01222
-0.272553
0.182739
0.501591
0.703358
0.124635
0.326941
-0.00721054
0.0298803
-0.159293
-0.196883
0.0840303
-0.172369
0.146861
0.331806
0.592226
0.780461
0.235361
-0.167771
0.198125
-0.189816
-0.387164
-0.605311
-0.661918
-0.809032
-0.942366
-0.384712
0.056777
0.416063
0.111435
-0.200064
0.214163
0.438646
0.581319
0.719151
0.860028
0.237433
0.0770053
0.300405
0.476049
0.000461428
0.37161
-0.109374
-0.00119557
-0.128428
0.216629
-0.138701
0.246019
0.49643
0.529609
0.636342
0.371736
-0.101778
0.199875
0.208121
0.131543
0.185525
0.190647
-0.233829
-0.362914
0.108009
0.452632
-0.0349313
-0.398739
-0.388898
-0.442448
0.0550011
-0.332958
-0.478302
-0.0968647
0.231989
-0.173433
0.250482
-0.00425647
0.239219
0.310955
0.201889
0.193659
0.362935
0.43537
0.174663
0.21085
0.522018
0.101988
0.153357
0.0500246
-0.265978
-0.317073
0.00075519
-0.197241
0.234254
0.520908
0.649946
0.220029
-0.168976
-0.384958
-0.0459602
-0.334713
0.0280735
0.350188
0.614531
0.193583
0.359405
-0.120627
-0.386363
-0.600586
-0.80073
-0.931334
-0.331047
-0.435351
-0.322128
-0.320144
0.146495
-0.17541
0.251932
0.443143
0.332266
0.609974
0.379418
-0.0136238
0.228106
0.419122
-0.0268127
-0.279198
-0.367189
-0.635138
-0.535661
-0.204018
0.160952
-0.256558
0.15187
-0.0660777
-0.268469
-0.429288
0.00099987
-0.0103947
0.345034
0.569853
0.594657
0.365868
0.0227454
-0.360038
-0.590769
-0.159508
0.230133
0.365171
0.382041
0.644909
0.452006
-0.030449
-0.316883
0.141858
0.465407
0.660001
0.0951609
-0.241822
-0.532036
-0.7356
-0.160851
-0.280383
-0.55128
-0.100303
0.112857
0.426599
0.386706
0.53344
0.582188
0.234761
0.53117
0.000298334
-0.229631
-0.31422
-0.0892307
0.0170694
0.235217
0.42798
0.642676
0.210163
0.318992
-0.0712971
0.219822
0.495942
0.361231
0.107212
0.414908
0.663085
0.815106
0.945449
0.407367
0.126103
-0.143864
-0.149761
0.241197
-0.0184911
-0.312844
0.13356
0.0716096
0.0363599
0.367487
0.110593
0.420528
0.549338
0.246527
0.54515
0.0317381
0.00304729
0.32961
-0.0490826
0.258179
0.327887
0.468029
-0.0239914
-0.0126137
-0.131732
-0.306927
-0.273931
-0.0619367
0.0265455
0.130435
0.466983
0.686107
0.673218
0.378763
-0.0962074
0.133235
0.461528
0.696062
0.136341
0.369818
-0.0971806
-0.0140318
0.0152548
-0.310874
-0.386075
0.0833417
-0.300467
-0.545402
-0.0103814
0.0508841
0.320765
0.120271
-0.0967622
-0.382244
-0.484394
-0.718796
-0.850314
-0.403772
0.0832731
0.14198
-0.274739
-0.567925
-0.380556
0.092483
0.415451
-0.0185179
-0.210452
-0.355309
-0.0835912
0.316338
0.57947
0.0707414
0.279048
0.553541
0.32048
-0.135688
-0.373398
-0.640214
-0.666665
-0.767564
-0.194938
-0.485498
-0.719974
-0.505707
-0.392987
-0.00907398
0.287389
0.268118
0.0774055
0.187278
-0.22889
-0.430583
-0.677682
-0.222096
-0.361938
-0.625461
-0.102108
-0.448233
-0.536147
-0.682333
-0.530418
-0.742713
-0.703054
-0.340637
-0.199415
-0.466629
-0.322072
-0.554496
-0.647733
-0.411221
-0.467682
-0.0851988
-0.429447
-0.636368
-0.0746144
-0.366794
-0.0425375
0.108181
-0.290405
-0.0770432
0.275393
-0.147128
-0.0178326
0.33584
0.579947
0.351458
0.624012
0.382956
0.232021
0.510694
0.709717
0.857491
0.231256
0.494785
0.64036
0.784818
0.549164
0.215525
-0.146117
0.071867
-0.241215
-0.408006
-0.105002
0.274055
-0.176682
-0.233648
0.197708
0.48642
-0.0307594
-0.388195
-0.619537
-0.730593
-0.269266
0.0685148
0.422188
0.0822239
-0.272805
-0.0720587
0.304714
0.44875
0.25051
-0.0924762
-0.422391
-0.144658
0.265607
-0.125712
0.0889941
-0.195503
-0.513189
-0.270035
-0.127894
-0.380255
0.104598
0.321668
0.489219
0.689236
0.851245
0.437555
0.634976
0.752938
0.160567
0.423429
0.00938288
0.3828
-0.0776498
-0.431109
-0.199381
-0.509919
-0.543011
-0.144584
0.105093
0.450477
-0.057008
-0.203322
-0.395697
0.0953199
0.41561
0.293384
0.00926906
0.120125
-0.291045
-0.0561916
0.0357119
-0.0392959
-0.087327
0.0617206
0.294506
0.205814
0.498828
0.705127
0.156654
-0.194882
-0.384152
0.0949644
0.316897
0.0148612
-0.338705
-0.396665
-0.58554
-0.0881419
-0.296223
-0.418452
-0.592523
-0.483054
-0.491233
-0.372188
-0.521245
-0.378552
-0.240559
-0.266019
-0.469895
-0.133373
0.1667
-0.199528
0.119554
-0.267037
0.159267
-0.186446
-0.355671
0.118669
0.280757
0.537765
0.729168
0.732682
0.598104
0.246818
0.550613
0.765265
0.881475
0.483496
0.140812
-0.0433291
0.166605
0.474932
0.228062
0.346699
0.054592
-0.107519
0.298605
0.441052
0.169061
0.483546
0.572308
0.673354
0.667316
0.145217
-0.0473476
0.155184
0.463044
0.395738
0.566941
0.105324
-0.187805
-0.0556571
-0.276426
-0.361879
-0.278783
-0.549667
-0.19119
-0.386223
-0.637914
-0.822351
-0.217214
-0.200385
-0.105296
-0.450575
-0.307078
-0.115466
-0.45393
-0.00651982
0.221234
-0.0134914
0.284993
-0.174231
-0.12668
-0.174395
0.236287
-0.0321906
-0.325514
-0.605646
-0.0807305
-0.396333
-0.208758
-0.522181
-0.411771
-0.00608353
0.266111
0.0944772
-0.107886
-0.418908
-0.10414
-0.00856109
-0.371469
-0.158045
-0.428757
-0.618033
-0.223152
0.196931
0.484594
0.237934
0.00619549
0.373551
-0.0859325
-0.366271
-0.410429
-0.521579
0.00676609
0.368457
0.387338
0.133383
-0.249019
0.133241
-0.192514
-0.0723812
-0.240958
-0.511359
0.0125462
-0.30919
-0.0458226
0.259408
-0.062195
0.32055
0.32094
-0.0586992
-0.288856
-0.253553
-0.438538
-0.517103
-0.0425074
-0.306877
0.13088
-0.276371
-0.0833432
0.0799051
-0.13196
-0.469006
-0.0831745
0.168452
0.00563684
0.0622053
-0.0513591
-0.277148
-0.567046
-0.768043
-0.220255
0.21587
0.379886
0.0198073
0.120441
0.271086
0.31218
0.221627
-0.0237736
0.254944
-0.192642
-0.107553
-0.384984
0.0200959
-0.330014
-0.367844
-0.0601136
-0.0117507
-0.170091
-0.476853
0.0336685
0.317965
0.548591
0.300307
-0.068717
-0.0623461
-0.246069
-0.42581
0.0722021
0.170718
-0.216316
-0.510496
-0.457327
0.0137645
-0.225877
-0.491695
-0.711222
-0.233962
-0.317334
-0.0419843
0.312868
-0.108205
0.127539
0.463328
0.0095041
-0.213013
0.0398679
0.365417
0.265551
-0.0821375
-0.372244
-0.513108
-0.0257989
-0.243554
-0.174338
0.0320399
0.304802
0.37706
0.106199
-0.177437
-0.48227
-0.605644
-0.33994
-0.600469
-0.0758917
-0.0413477
0.346587
0.205189
0.297975
0.580093
0.360442
0.624209
0.174045
-0.0419067
-0.404958
-0.464502
-0.278866
-0.56227
-0.65992
-0.16733
-0.481902
-0.689977
-0.114518
-0.308903
0.15658
0.476602
0.0558822
0.413435
-0.0694383
0.0786688
-0.289111
-0.521629
-0.3941
-0.104867
0.101652
0.266346
-0.173497
-0.160338
-0.113195
-0.421831
-0.521514
-0.0969471
-0.00395135
0.0699757
-0.275426
-0.441582
-0.589094
-0.787565
-0.895435
-0.992051
-0.449636
-0.621397
-0.338387
-0.600385
-0.215821
-0.513837
-0.047556
-0.244057
0.190504
-0.0584652
0.287771
-0.164651
0.154797
0.373836
0.639906
0.155608
0.183835
0.248645
0.525125
0.5867
0.250328
-0.044217
0.224147
-0.0812357
-0.118631
-0.365608
0.116831
0.448157
-0.0181222
0.362043
-0.0765589
-0.22604
-0.451678
-0.651539
-0.798811
-0.246805
-0.498837
-0.0167401
0.187016
0.0121384
0.0707998
0.0401408
0.340336
0.585405
0.629382
0.667003
0.583364
0.244267
-0.0100287
0.161032
0.456742
0.299824
-0.0996144
-0.44338
-0.261565
0.145001
-0.0800064
0.243266
0.542088
0.118695
0.382167
0.608902
0.435933
0.620587
0.752718
0.514677
0.64394
0.812811
0.920237
0.990679
0.958611
0.47284
0.567848
0.691573
0.60889
0.666455
0.105004
0.358399
-0.116884
-0.379426
0.021952
-0.072323
-0.423977
-0.157068
-0.237991
-0.0048585
-0.0950088
0.275091
-0.113318
-0.425395
-0.037326
0.212554
0.373876
0.484222
0.718251
0.543709
0.535191
0.732988
0.508164
0.63842
0.131947
-0.0852833
0.277421
0.567481
0.281429
-0.0397277
0.212624
0.454335
0.563135
0.178725
-0.131213
-0.0489234
-0.410812
-0.625973
-0.0700362
-0.39242
0.00684973
0.0143992
-0.20924
-0.287143
0.128276
0.371566
0.159809
-0.0580879
0.200435
-0.175134
-0.469468
-0.542978
-0.674038
-0.798837
-0.497287
-0.575492
-0.386091
0.102468
-0.301376
-0.321291
0.14839
0.17798
0.440439
0.667905
0.701125
0.202357
-0.223586
-0.0289247
-0.375918
0.0747801
0.320858
0.147704
-0.0660422
-0.322751
0.0487442
0.245759
-0.00391753
0.349445
0.142033
0.432536
0.126874
0.108487
0.391777
0.481564
0.190731
-0.234772
-0.531579
-0.000488937
-0.31978
-0.129524
-0.149307
0.2584
-0.138099
-0.147839
-0.259451
0.186284
0.396686
0.652004
0.287923
-0.170771
0.178339
0.341568
-0.012436
-0.0812971
-0.043929
0.102239
0.226632
0.449701
0.626273
0.176527
0.482271
0.166742
-0.240364
0.20282
-0.212988
-0.181377
-0.117989
-0.251875
-0.386394
-0.370034
-0.43529
-0.627933
-0.767614
-0.919233
-0.282065
0.156027
-0.121501
0.196469
-0.159748
0.25805
-0.188381
0.172516
0.223792
0.254399
0.331946
-0.0206497
0.154318
-0.0520269
0.287267
0.0518906
-0.194145
0.00389816
0.335866
0.0766385
-0.277331
-0.20728
-0.42715
-0.581058
-0.62485
-0.411336
-0.665967
-0.845363
-0.375845
-0.27056
0.184177
-0.215305
0.12365
0.424479
0.671096
0.453635
0.038578
0.182855
-0.121566
0.28537
0.527602
0.0994081
-0.293798
-0.14369
-0.436452
-0.00679779
-0.288416
-0.4843
-0.321963
-0.51259
-0.739164
-0.81853
-0.926593
-0.772034
-0.343977
0.0767335
-0.293682
-0.520576
-0.628953
-0.308973
-0.212647
-0.373348
0.00466794
0.0447352
-0.10295
-0.246284
0.0397535
0.322123
0.16954
0.454906
0.393344
0.261762
0.0959808
0.112476
0.32109
0.552385
0.286287
0.553208
0.200324
0.0648417
0.328144
0.272841
0.560971
0.342502
0.107322
0.433094
-0.0498729
0.175328
0.323333
0.486003
0.378018
-0.106747
0.109871
-0.148228
0.0820408
-0.234038
0.208125
0.115921
-0.272825
-0.563472
-0.0662812
-0.244833
0.0560106
0.125867
-0.17918
0.238332
0.475286
0.463418
0.64346
0.801143
0.733603
0.652734
0.0934319
0.106134
-0.300902
0.133989
-0.180987
-0.378483
-0.105047
-0.30451
0.0555338
0.0893448
-0.273707
0.0120577
0.335
0.521223
0.470904
0.0223284
-0.306035
0.0140438
0.368809
0.57593
0.0993564
-0.228928
0.130612
-0.20264
-0.109906
0.0640702
-0.291819
-0.0934765
0.208344
-0.0549833
0.301177
0.059311
0.403049
0.238353
0.117566
0.00778262
-0.108895
-0.364069
-0.0398792
-0.401978
-0.517866
-0.419025
-0.332319
0.133029
0.210513
0.473622
0.187761
0.168684
-0.224717
-0.0858619
-0.423985
-0.244893
-0.41539
-0.670209
-0.831642
-0.686644
-0.155571
-0.480109
-0.636944
-0.204647
-0.297472
-0.459156
0.0279069
-0.28571
-0.111317
-0.0233065
-0.386895
0.0992062
0.283895
0.410178
0.59502
0.206429
-0.228862
-0.39575
0.0590288
-0.135355
0.176829
0.454834
0.377357
0.633826
0.197879
-0.23002
-0.463193
-0.0745344
0.322963
0.0542027
0.0469318
0.357871
-0.121399
-0.389665
-0.650433
-0.818707
-0.259437
-0.0322582
-0.0747055
-0.413235
-0.618084
-0.0631972
-0.108405
-0.392142
0.0973228
-0.181419
0.099989
0.112942
-0.285112
-0.260756
0.00690899
0.374926
0.415614
0.670245
0.849442
0.225701
-0.182887
-0.175428
-0.247609
0.167462
-0.257132
-0.198435
-0.225188
-0.213915
0.223526
0.531515
0.107284
0.450051
0.0738906
0.0525547
-0.187708
-0.321438
-0.30387
-0.554686
-0.141653
-0.205656
-0.442296
-0.60572
-0.780894
-0.295646
-0.144142
0.20229
0.395739
0.387104
0.167087
0.494306
0.340805
0.456317
0.417194
0.580777
0.138201
0.00450589
0.356328
0.0375245
-0.0465203
-0.293556
-0.580619
-0.721899
-0.510071
0.0109545
-0.238388
-0.295677
-0.219529
-0.52374
-0.184542
-0.481326
-0.670177
-0.288291
