3.46127e-06
3.46167e-06
3.46246e-06
3.46363e-06
3.46517e-06
3.46708e-06
3.46934e-06
3.47195e-06
3.4749e-06
3.47819e-06
3.4818e-06
3.48574e-06
3.48999e-06
3.49455e-06
3.49942e-06
3.50458e-06
3.51004e-06
3.51579e-06
3.52182e-06
3.52813e-06
3.53472e-06
3.54158e-06
3.54871e-06
3.5561e-06
3.56376e-06
3.57167e-06
3.57984e-06
3.58825e-06
3.59692e-06
3.60583e-06
3.61499e-06
3.62439e-06
3.63402e-06
3.64389e-06
3.65399e-06
3.66432e-06
3.67489e-06
3.68567e-06
3.69669e-06
3.70793e-06
3.71939e-06
3.73107e-06
3.74297e-06
3.75508e-06
3.76741e-06
3.77996e-06
3.79272e-06
3.80569e-06
3.81887e-06
3.83226e-06
3.84586e-06
3.85967e-06
3.87369e-06
3.88791e-06
3.90233e-06
3.91696e-06
3.9318e-06
3.94684e-06
3.96208e-06
3.97752e-06
3.99316e-06
4.00901e-06
4.02505e-06
4.0413e-06
4.05774e-06
4.07438e-06
4.09123e-06
4.10827e-06
4.12551e-06
4.14295e-06
4.16059e-06
4.17843e-06
4.19646e-06
4.21469e-06
4.23312e-06
4.25175e-06
4.27058e-06
4.2896e-06
4.30883e-06
4.32825e-06
4.34787e-06
4.36769e-06
4.38771e-06
4.40793e-06
4.42834e-06
4.44896e-06
4.46977e-06
4.49079e-06
4.51201e-06
4.53343e-06
4.55504e-06
4.57687e-06
4.59889e-06
4.62111e-06
4.64354e-06
4.66617e-06
4.68901e-06
4.71205e-06
4.7353e-06
4.75875e-06
4.7824e-06
4.80627e-06
4.83034e-06
4.85462e-06
4.8791e-06
4.9038e-06
4.92871e-06
4.95382e-06
4.97915e-06
5.00469e-06
5.03044e-06
5.05641e-06
5.08259e-06
5.10899e-06
5.1356e-06
5.16243e-06
5.18947e-06
5.21674e-06
5.24422e-06
5.27192e-06
5.29985e-06
5.32799e-06
5.35636e-06
5.38495e-06
5.41377e-06
5.44281e-06
5.47208e-06
5.50158e-06
5.5313e-06
5.56126e-06
5.59144e-06
5.62186e-06
5.65251e-06
5.68339e-06
5.71451e-06
5.74587e-06
5.77746e-06
5.80929e-06
5.84136e-06
5.87367e-06
5.90622e-06
5.93901e-06
5.97205e-06
6.00533e-06
6.03886e-06
6.07263e-06
6.10666e-06
6.14093e-06
6.17546e-06
6.21024e-06
6.24527e-06
6.28056e-06
6.31611e-06
6.35191e-06
6.38797e-06
6.42429e-06
6.46088e-06
6.49773e-06
6.53484e-06
6.57222e-06
6.60986e-06
6.64778e-06
6.68597e-06
6.72442e-06
6.76315e-06
6.80216e-06
6.84144e-06
6.881e-06
6.92084e-06
6.96096e-06
7.00136e-06
7.04205e-06
7.08302e-06
7.12428e-06
7.16582e-06
7.20766e-06
7.24979e-06
7.29221e-06
7.33493e-06
7.37795e-06
7.42126e-06
7.46488e-06
7.50879e-06
7.55301e-06
7.59754e-06
7.64237e-06
7.68751e-06
7.73296e-06
7.77873e-06
7.82481e-06
7.8712e-06
7.91792e-06
7.96495e-06
8.0123e-06
8.05998e-06
8.10799e-06
8.15632e-06
8.20498e-06
8.25397e-06
8.30329e-06
8.35295e-06
8.40295e-06
8.45328e-06
8.50396e-06
8.55498e-06
8.60634e-06
8.65805e-06
8.71011e-06
8.76252e-06
8.81529e-06
8.86841e-06
8.92188e-06
8.97572e-06
9.02992e-06
9.08448e-06
9.13941e-06
9.1947e-06
9.25037e-06
9.30641e-06
9.36283e-06
9.41962e-06
9.47679e-06
9.53434e-06
9.59228e-06
9.6506e-06
9.70931e-06
9.76842e-06
9.82791e-06
9.8878e-06
9.94809e-06
1.00088e-05
1.00699e-05
1.01314e-05
1.01933e-05
1.02556e-05
1.03183e-05
1.03815e-05
1.0445e-05
1.0509e-05
1.05734e-05
1.06383e-05
1.07035e-05
1.07692e-05
1.08353e-05
1.09019e-05
1.09689e-05
1.10364e-05
1.11042e-05
1.11726e-05
1.12413e-05
1.13106e-05
1.13803e-05
1.14504e-05
1.1521e-05
1.15921e-05
1.16636e-05
1.17356e-05
1.18081e-05
1.18811e-05
1.19545e-05
1.20284e-05
1.21028e-05
1.21777e-05
1.22531e-05
1.2329e-05
1.24053e-05
1.24822e-05
1.25596e-05
1.26374e-05
1.27158e-05
1.27947e-05
1.28741e-05
1.2954e-05
1.30345e-05
1.31155e-05
1.3197e-05
1.3279e-05
1.33616e-05
1.34447e-05
1.35283e-05
1.36125e-05
1.36972e-05
1.37825e-05
1.38684e-05
1.39548e-05
1.40417e-05
1.41292e-05
1.42173e-05
1.4306e-05
1.43952e-05
1.44851e-05
1.45755e-05
1.46665e-05
1.47581e-05
1.48502e-05
1.4943e-05
1.50364e-05
1.51304e-05
1.52249e-05
1.53201e-05
1.5416e-05
1.55124e-05
1.56095e-05
1.57072e-05
1.58055e-05
1.59044e-05
1.6004e-05
1.61043e-05
1.62052e-05
1.63067e-05
1.64089e-05
1.65118e-05
1.66153e-05
1.67195e-05
1.68244e-05
1.69299e-05
1.70361e-05
1.71431e-05
1.72507e-05
1.7359e-05
1.7468e-05
1.75777e-05
1.76881e-05
1.77992e-05
1.7911e-05
1.80236e-05
1.81368e-05
1.82509e-05
1.83656e-05
1.84811e-05
1.85973e-05
1.87143e-05
1.8832e-05
1.89505e-05
1.90698e-05
1.91898e-05
1.93106e-05
1.94322e-05
1.95545e-05
1.96776e-05
1.98016e-05
1.99263e-05
2.00518e-05
2.01782e-05
2.03053e-05
2.04333e-05
2.05621e-05
2.06917e-05
2.08221e-05
2.09534e-05
2.10856e-05
2.12186e-05
2.13524e-05
2.14871e-05
2.16226e-05
2.17591e-05
2.18964e-05
2.20346e-05
2.21736e-05
2.23136e-05
2.24545e-05
2.25963e-05
2.27389e-05
2.28825e-05
2.30271e-05
2.31725e-05
2.33189e-05
2.34662e-05
2.36145e-05
2.37637e-05
2.39138e-05
2.4065e-05
2.42171e-05
2.43702e-05
2.45242e-05
2.46793e-05
2.48353e-05
2.49923e-05
2.51504e-05
2.53094e-05
2.54695e-05
2.56306e-05
2.57928e-05
2.59559e-05
2.61202e-05
2.62854e-05
2.64518e-05
2.66192e-05
2.67876e-05
2.69572e-05
2.71278e-05
2.72995e-05
2.74723e-05
2.76463e-05
2.78213e-05
2.79975e-05
2.81748e-05
2.83532e-05
2.85328e-05
2.87135e-05
2.88954e-05
2.90784e-05
2.92626e-05
2.9448e-05
2.96346e-05
2.98223e-05
3.00113e-05
3.02015e-05
3.03929e-05
3.05855e-05
3.07794e-05
3.09744e-05
3.11708e-05
3.13684e-05
3.15672e-05
3.17673e-05
3.19687e-05
3.21714e-05
3.23754e-05
3.25807e-05
3.27873e-05
3.29953e-05
3.32045e-05
3.34151e-05
3.3627e-05
3.38403e-05
3.4055e-05
3.4271e-05
3.44884e-05
3.47072e-05
3.49274e-05
3.5149e-05
3.5372e-05
3.55965e-05
3.58224e-05
3.60497e-05
3.62784e-05
3.65087e-05
3.67404e-05
3.69736e-05
3.72082e-05
3.74444e-05
3.76821e-05
3.79213e-05
3.8162e-05
3.84043e-05
3.86481e-05
3.88935e-05
3.91404e-05
3.93889e-05
3.9639e-05
3.98907e-05
4.0144e-05
4.03989e-05
4.06554e-05
4.09136e-05
4.11735e-05
4.1435e-05
4.16981e-05
4.19629e-05
4.22295e-05
4.24977e-05
4.27676e-05
4.30393e-05
4.33127e-05
4.35878e-05
4.38647e-05
4.41434e-05
4.44239e-05
4.47061e-05
4.49901e-05
4.5276e-05
4.55636e-05
4.58531e-05
4.61445e-05
4.64377e-05
4.67328e-05
4.70297e-05
4.73286e-05
4.76294e-05
4.79321e-05
4.82367e-05
4.85432e-05
4.88518e-05
4.91622e-05
4.94747e-05
4.97892e-05
5.01056e-05
5.04241e-05
5.07446e-05
5.10672e-05
5.13918e-05
5.17185e-05
5.20472e-05
5.23781e-05
5.27111e-05
5.30462e-05
5.33834e-05
5.37228e-05
5.40643e-05
5.44081e-05
5.4754e-05
5.51021e-05
5.54525e-05
5.5805e-05
5.61599e-05
5.6517e-05
5.68763e-05
5.7238e-05
5.76019e-05
5.79682e-05
5.83368e-05
5.87078e-05
5.90812e-05
5.94569e-05
5.9835e-05
6.02155e-05
6.05985e-05
6.09838e-05
6.13717e-05
6.1762e-05
6.21548e-05
6.25501e-05
6.2948e-05
6.33483e-05
6.37513e-05
6.41567e-05
6.45648e-05
6.49755e-05
6.53888e-05
6.58047e-05
6.62233e-05
6.66445e-05
6.70685e-05
6.74951e-05
6.79244e-05
6.83565e-05
6.87914e-05
6.9229e-05
6.96694e-05
7.01126e-05
7.05586e-05
7.10075e-05
7.14593e-05
7.19139e-05
7.23714e-05
7.28318e-05
7.32952e-05
7.37615e-05
7.42308e-05
7.4703e-05
7.51783e-05
7.56567e-05
7.6138e-05
7.66225e-05
7.711e-05
7.76006e-05
7.80944e-05
7.85913e-05
7.90913e-05
7.95946e-05
8.0101e-05
8.06107e-05
8.11237e-05
8.16399e-05
8.21594e-05
8.26822e-05
8.32083e-05
8.37378e-05
8.42707e-05
8.48069e-05
8.53466e-05
8.58897e-05
8.64363e-05
8.69863e-05
8.75399e-05
8.8097e-05
8.86576e-05
8.92218e-05
8.97897e-05
9.03611e-05
9.09361e-05
9.15148e-05
9.20973e-05
9.26834e-05
9.32732e-05
9.38668e-05
9.44643e-05
9.50655e-05
9.56705e-05
9.62794e-05
9.68921e-05
9.75088e-05
9.81294e-05
9.8754e-05
9.93825e-05
0.000100015
0.000100652
0.000101292
0.000101937
0.000102586
0.000103239
0.000103896
0.000104557
0.000105223
0.000105892
0.000106566
0.000107245
0.000107927
0.000108614
0.000109306
0.000110001
0.000110702
0.000111406
0.000112115
0.000112829
0.000113547
0.00011427
0.000114997
0.000115729
0.000116466
0.000117207
0.000117953
0.000118704
0.00011946
0.00012022
0.000120986
0.000121756
0.000122531
0.000123311
0.000124096
0.000124886
0.000125681
0.000126481
0.000127286
0.000128096
0.000128912
0.000129732
0.000130558
0.000131389
0.000132226
0.000133067
0.000133915
0.000134767
0.000135625
0.000136488
0.000137357
0.000138232
0.000139112
0.000139997
0.000140889
0.000141786
0.000142688
0.000143597
0.000144511
0.000145431
0.000146357
0.000147288
0.000148226
0.00014917
0.000150119
0.000151075
0.000152037
0.000153005
0.000153979
0.000154959
0.000155946
0.000156939
0.000157938
0.000158943
0.000159955
0.000160974
0.000161998
0.00016303
0.000164068
0.000165112
0.000166164
0.000167221
0.000168286
0.000169357
0.000170436
0.000171521
0.000172613
0.000173712
0.000174818
0.000175931
0.000177051
0.000178178
0.000179313
0.000180454
0.000181603
0.000182759
0.000183923
0.000185094
0.000186273
0.000187458
0.000188652
0.000189853
0.000191062
0.000192278
0.000193503
0.000194735
0.000195975
0.000197222
0.000198478
0.000199742
0.000201013
0.000202293
0.000203581
0.000204878
0.000206182
0.000207495
0.000208816
0.000210146
0.000211484
0.00021283
0.000214185
0.000215549
0.000216921
0.000218302
0.000219692
0.000221091
0.000222499
0.000223916
0.000225341
0.000226776
0.00022822
0.000229673
0.000231136
0.000232607
0.000234088
0.000235579
0.000237079
0.000238588
0.000240108
0.000241636
0.000243175
0.000244723
0.000246282
0.00024785
0.000249428
0.000251016
0.000252614
0.000254223
0.000255841
0.00025747
0.00025911
0.00026076
0.00026242
0.000264091
0.000265773
0.000267465
0.000269168
0.000270882
0.000272607
0.000274342
0.000276089
0.000277847
0.000279616
0.000281397
0.000283189
0.000284992
0.000286806
0.000288633
0.00029047
0.00029232
0.000294181
0.000296054
0.00029794
0.000299837
0.000301746
0.000303667
0.000305601
0.000307547
0.000309505
0.000311476
0.000313459
0.000315455
0.000317464
0.000319485
0.00032152
0.000323567
0.000325627
0.000327701
0.000329787
0.000331887
0.000334
0.000336127
0.000338267
0.000340421
0.000342589
0.00034477
0.000346966
0.000349175
0.000351399
0.000353636
0.000355888
0.000358154
0.000360435
0.00036273
0.000365039
0.000367364
0.000369703
0.000372057
0.000374426
0.00037681
0.00037921
0.000381625
0.000384055
0.0003865
0.000388961
0.000391438
0.00039393
0.000396439
0.000398963
0.000401504
0.00040406
0.000406633
0.000409222
0.000411828
0.000414451
0.00041709
0.000419746
0.000422418
0.000425108
0.000427815
0.000430539
0.000433281
0.00043604
0.000438816
0.000441611
0.000444423
0.000447253
0.0004501
0.000452966
0.000455851
0.000458754
0.000461675
0.000464615
0.000467573
0.00047055
0.000473547
0.000476562
0.000479597
0.000482651
0.000485724
0.000488817
0.00049193
0.000495062
0.000498214
0.000501387
0.00050458
0.000507793
0.000511026
0.00051428
0.000517555
0.000520851
0.000524167
0.000527505
0.000530864
0.000534244
0.000537646
0.00054107
0.000544515
0.000547983
0.000551472
0.000554984
0.000558518
0.000562074
0.000565653
0.000569255
0.00057288
0.000576528
0.000580199
0.000583894
0.000587612
0.000591354
0.000595119
0.000598909
0.000602722
0.00060656
0.000610423
0.00061431
0.000618222
0.000622158
0.00062612
0.000630107
0.000634119
0.000638157
0.000642221
0.000646311
0.000650426
0.000654568
0.000658736
0.000662931
0.000667152
0.0006714
0.000675676
0.000679978
0.000684308
0.000688666
0.000693051
0.000697464
0.000701905
0.000706375
0.000710873
0.0007154
0.000719955
0.00072454
0.000729153
0.000733796
0.000738469
0.000743171
0.000747904
0.000752666
0.000757459
0.000762282
0.000767137
0.000772021
0.000776937
0.000781885
0.000786864
0.000791874
0.000796917
0.000801991
0.000807098
0.000812238
0.00081741
0.000822615
0.000827853
0.000833125
0.00083843
0.000843769
0.000849142
0.000854549
0.00085999
0.000865467
0.000870978
0.000876524
0.000882105
0.000887722
0.000893375
0.000899064
0.000904789
0.000910551
0.000916349
0.000922184
0.000928056
0.000933966
0.000939913
0.000945898
0.000951922
0.000957983
0.000964084
0.000970223
0.000976401
0.000982618
0.000988876
0.000995172
0.00100151
0.00100789
0.0010143
0.00102076
0.00102726
0.00103381
0.00104039
0.00104701
0.00105368
0.00106039
0.00106714
0.00107394
0.00108078
0.00108766
0.00109458
0.00110155
0.00110857
0.00111563
0.00112273
0.00112988
0.00113708
0.00114432
0.0011516
0.00115894
0.00116632
0.00117374
0.00118122
0.00118874
0.00119631
0.00120393
0.00121159
0.00121931
0.00122707
0.00123489
0.00124275
0.00125066
0.00125863
0.00126664
0.00127471
0.00128283
0.001291
0.00129922
0.00130749
0.00131582
0.00132419
0.00133263
0.00134111
0.00134965
0.00135825
0.0013669
0.0013756
0.00138436
0.00139317
0.00140205
0.00141097
0.00141996
0.001429
0.0014381
0.00144726
0.00145647
0.00146575
0.00147508
0.00148448
0.00149393
0.00150344
0.00151302
0.00152265
0.00153235
0.0015421
0.00155192
0.00156181
0.00157175
0.00158176
0.00159183
0.00160197
0.00161217
0.00162244
0.00163277
0.00164316
0.00165363
0.00166416
0.00167476
0.00168542
0.00169615
0.00170695
0.00171782
0.00172876
0.00173977
0.00175085
0.001762
0.00177322
0.00178451
0.00179587
0.00180731
0.00181882
0.0018304
0.00184205
0.00185378
0.00186559
0.00187747
0.00188942
0.00190146
0.00191356
0.00192575
0.00193801
0.00195035
0.00196277
0.00197527
0.00198785
0.00200051
0.00201325
0.00202607
0.00203897
0.00205195
0.00206502
0.00207817
0.0020914
0.00210472
0.00211812
0.00213161
0.00214518
0.00215884
0.00217259
0.00218643
0.00220035
0.00221436
0.00222846
0.00224265
0.00225693
0.0022713
0.00228577
0.00230032
0.00231497
0.00232971
0.00234455
0.00235948
0.0023745
0.00238962
0.00240484
0.00242015
0.00243556
0.00245107
0.00246668
0.00248239
0.0024982
0.0025141
0.00253011
0.00254622
0.00256244
0.00257875
0.00259518
0.0026117
0.00262833
0.00264507
0.00266191
0.00267886
0.00269592
0.00271309
0.00273037
0.00274775
0.00276525
0.00278286
0.00280058
0.00281841
0.00283636
0.00285442
0.0028726
0.00289089
0.0029093
0.00292782
0.00294647
0.00296523
0.00298411
0.00300312
0.00302224
0.00304148
0.00306085
0.00308034
0.00309996
0.0031197
0.00313956
0.00315956
0.00317968
0.00319992
0.0032203
0.00324081
0.00326144
0.00328221
0.00330311
0.00332415
0.00334531
0.00336662
0.00338805
0.00340963
0.00343134
0.00345319
0.00347518
0.00349731
0.00351958
0.00354199
0.00356455
0.00358725
0.00361009
0.00363308
0.00365621
0.00367949
0.00370292
0.0037265
0.00375023
0.00377412
0.00379815
0.00382233
0.00384667
0.00387117
0.00389582
0.00392063
0.00394559
0.00397072
0.003996
0.00402145
0.00404706
0.00407283
0.00409876
0.00412486
0.00415113
0.00417756
0.00420417
0.00423094
0.00425788
0.00428499
0.00431228
0.00433974
0.00436737
0.00439518
0.00442317
0.00445134
0.00447968
0.00450821
0.00453692
0.00456581
0.00459488
0.00462414
0.00465359
0.00468322
0.00471304
0.00474305
0.00477326
0.00480365
0.00483424
0.00486503
0.00489601
0.00492718
0.00495856
0.00499013
0.00502191
0.00505389
0.00508607
0.00511846
0.00515105
0.00518385
0.00521686
0.00525008
0.00528352
0.00531716
0.00535102
0.00538509
0.00541938
0.00545389
0.00548862
0.00552357
0.00555875
0.00559414
0.00562977
0.00566562
0.00570169
0.005738
0.00577454
0.00581131
0.00584832
0.00588556
0.00592304
0.00596075
0.00599871
0.00603691
0.00607535
0.00611404
0.00615297
0.00619215
0.00623158
0.00627127
0.0063112
0.00635139
0.00639183
0.00643254
0.0064735
0.00651472
0.0065562
0.00659795
0.00663997
0.00668225
0.0067248
0.00676762
0.00681072
0.00685409
0.00689773
0.00694166
0.00698586
0.00703035
0.00707512
0.00712017
0.00716551
0.00721114
0.00725706
0.00730327
0.00734977
0.00739658
0.00744368
0.00749108
0.00753878
0.00758679
0.0076351
0.00768372
0.00773264
0.00778188
0.00783144
0.00788131
0.0079315
0.007982
0.00803283
0.00808398
0.00813546
0.00818726
0.0082394
0.00829187
0.00834467
0.00839781
0.00845128
0.0085051
0.00855926
0.00861376
0.00866861
0.00872381
0.00877936
0.00883527
0.00889153
0.00894815
0.00900513
0.00906248
0.00912018
0.00917826
0.0092367
0.00929552
0.00935471
0.00941428
0.00947423
0.00953456
0.00959528
0.00965638
0.00971787
0.00977975
0.00984203
0.0099047
0.00996777
0.0100312
0.0100951
0.0101594
0.0102241
0.0102892
0.0103547
0.0104207
0.010487
0.0105538
0.010621
0.0106886
0.0107567
0.0108252
0.0108941
0.0109635
0.0110333
0.0111036
0.0111743
0.0112454
0.011317
0.0113891
0.0114616
0.0115346
0.0116081
0.011682
0.0117564
0.0118312
0.0119066
0.0119824
0.0120587
0.0121355
0.0122128
0.0122905
0.0123688
0.0124476
0.0125268
0.0126066
0.0126869
0.0127677
0.012849
0.0129308
0.0130131
0.013096
0.0131794
0.0132633
0.0133478
0.0134328
0.0135183
0.0136044
0.013691
0.0137782
0.0138659
0.0139542
0.0140431
0.0141325
0.0142225
0.0143131
0.0144042
0.0144959
0.0145882
0.0146811
0.0147746
0.0148687
0.0149634
0.0150587
0.0151546
0.0152511
0.0153482
0.0154459
0.0155443
0.0156433
0.0157429
0.0158431
0.015944
0.0160455
0.0161477
0.0162505
0.016354
0.0164582
0.016563
0.0166684
0.0167746
0.0168814
0.0169889
0.0170971
0.017206
0.0173155
0.0174258
0.0175367
0.0176484
0.0177608
0.0178739
0.0179877
0.0181023
0.0182175
0.0183335
0.0184503
0.0185678
0.018686
0.018805
0.0189247
0.0190452
0.0191665
0.0192886
0.0194114
0.019535
0.0196594
0.0197846
0.0199106
0.0200374
0.020165
0.0202934
0.0204226
0.0205526
0.0206835
0.0208152
0.0209478
0.0210812
0.0212154
0.0213505
0.0214865
0.0216233
0.021761
0.0218996
0.022039
0.0221793
0.0223206
0.0224627
0.0226057
0.0227497
0.0228946
0.0230404
0.0231871
0.0233347
0.0234833
0.0236328
0.0237833
0.0239348
0.0240872
0.0242406
0.0243949
0.0245503
0.0247066
0.0248639
0.0250223
0.0251816
0.025342
0.0255033
0.0256657
0.0258292
0.0259937
0.0261592
0.0263258
0.0264934
0.0266621
0.0268319
0.0270027
0.0271747
0.0273477
0.0275219
0.0276971
0.0278735
0.028051
0.0282296
0.0284094
0.0285903
0.0287724
0.0289556
0.02914
0.0293255
0.0295123
0.0297002
0.0298893
0.0300796
0.0302712
0.0304639
0.0306579
0.0308532
0.0310496
0.0312474
0.0314463
0.0316466
0.0318481
0.0320509
0.032255
0.0324604
0.0326671
0.0328751
0.0330845
0.0332951
0.0335072
0.0337205
0.0339352
0.0341513
0.0343688
0.0345877
0.0348079
0.0350296
0.0352526
0.0354771
0.035703
0.0359304
0.0361592
0.0363894
0.0366212
0.0368544
0.037089
0.0373252
0.0375629
0.0378021
0.0380428
0.0382851
0.0385288
0.0387742
0.0390211
0.0392696
0.0395196
0.0397713
0.0400246
0.0402794
0.0405359
0.040794
0.0410538
0.0413152
0.0415783
0.0418431
0.0421095
0.0423777
0.0426475
0.0429191
0.0431924
0.0434675
0.0437443
0.0440228
0.0443031
0.0445853
0.0448692
0.0451549
0.0454424
0.0457318
0.046023
0.0463161
0.046611
0.0469078
0.0472065
0.0475071
0.0478097
0.0481141
0.0484205
0.0487288
0.0490391
0.0493514
0.0496657
0.0499819
0.0503002
0.0506205
0.0509428
0.0512672
0.0515937
0.0519222
0.0522529
0.0525856
0.0529205
0.0532575
0.0535966
0.0539379
0.0542814
0.054627
0.0549749
0.0553249
0.0556772
0.0560318
0.0563886
0.0567477
0.057109
0.0574727
0.0578387
0.058207
0.0585776
0.0589506
0.059326
0.0597038
0.060084
0.0604666
0.0608516
0.0612391
0.0616291
0.0620215
0.0624165
0.0628139
0.0632139
0.0636165
0.0640216
0.0644293
0.0648395
0.0652524
0.0656679
0.0660861
0.0665069
0.0669304
0.0673566
0.0677855
0.0682172
0.0686516
0.0690888
0.0695287
0.0699714
0.070417
0.0708654
0.0713167
0.0717708
0.0722279
0.0726878
0.0731506
0.0736165
0.0740852
0.074557
0.0750318
0.0755096
0.0759904
0.0764743
0.0769613
0.0774513
0.0779445
0.0784409
0.0789404
0.0794431
0.0799489
0.080458
0.0809704
0.081486
0.0820049
0.0825271
0.0830526
0.0835815
0.0841137
0.0846493
0.0851883
0.0857308
0.0862767
0.0868261
0.087379
0.0879355
0.0884954
0.0890589
0.0896261
0.0901968
0.0907711
0.0913492
0.0919309
0.0925163
0.0931054
0.0936983
0.0942949
0.0948954
0.0954997
0.0961078
0.0967198
0.0973357
0.0979555
0.0985793
0.099207
0.0998387
0.100475
0.101114
0.101758
0.102406
0.103058
0.103715
0.104375
0.10504
0.105708
0.106382
0.107059
0.107741
0.108427
0.109117
0.109812
0.110511
0.111215
0.111923
0.112636
0.113353
0.114075
0.114802
0.115533
0.116268
0.117009
0.117754
0.118504
0.119258
0.120018
0.120782
0.121551
0.122325
0.123104
0.123888
0.124677
0.125471
0.12627
0.127074
0.127883
0.128697
0.129517
0.130341
0.131171
0.132007
0.132847
0.133693
0.134545
0.135401
0.136264
0.137131
0.138005
0.138883
0.139768
0.140658
0.141553
0.142455
0.143362
0.144275
0.145194
0.146118
0.147049
0.147985
0.148927
0.149876
0.15083
0.151791
0.152757
0.15373
0.154709
0.155694
0.156685
0.157683
0.158687
0.159698
0.160715
0.161738
0.162768
0.163804
0.164848
0.165897
0.166954
0.168017
0.169087
0.170163
0.171247
0.172337
0.173435
0.174539
0.175651
0.176769
0.177895
0.179028
0.180168
0.181315
0.18247
0.183632
0.184801
0.185978
0.187162
0.188354
0.189553
0.19076
0.191975
0.193197
0.194428
0.195666
0.196912
0.198166
0.199428
0.200697
0.201975
0.203262
0.204556
0.205859
0.207169
0.208489
0.209816
0.211152
0.212497
0.21385
0.215212
0.216582
0.217961
0.219349
0.220746
0.222152
0.223566
0.22499
0.226423
0.227865
0.229316
0.230776
0.232245
0.233724
0.235213
0.23671
0.238218
0.239735
0.241261
0.242798
0.244344
0.2459
0.247465
0.249041
0.250627
0.252223
0.253829
0.255446
0.257072
0.258709
0.260357
0.262015
0.263683
0.265362
0.267052
0.268752
0.270464
0.272186
0.273919
0.275663
0.277419
0.279185
0.280963
0.282752
0.284553
0.286365
0.288188
0.290024
0.29187
0.293729
0.295599
0.297482
0.299376
0.301282
0.303201
0.305132
0.307075
0.30903
0.310998
0.312978
0.314971
0.316977
0.318996
0.321027
0.323071
0.325128
0.327199
0.329282
0.331379
0.333489
0.335613
0.33775
0.339901
0.342065
0.344243
0.346436
0.348642
0.350862
0.353096
0.355344
0.357607
0.359884
0.362176
0.364482
0.366803
0.369139
0.37149
0.373855
0.376236
0.378632
0.381043
0.383469
0.385911
0.388369
0.390842
0.39333
0.395835
0.398356
0.400892
0.403445
0.406014
0.4086
0.411202
0.41382
0.416455
0.419107
0.421776
0.424462
0.427165
0.429885
0.432622
0.435377
0.438149
0.440939
0.443747
0.446573
0.449417
0.452279
0.455159
0.458057
0.460974
0.463909
0.466863
0.469836
0.472828
0.475839
0.478869
0.481918
0.484987
0.488075
0.491183
0.494311
0.497459
0.500627
0.503815
0.507023
0.510251
0.513501
0.516771
0.520061
0.523373
0.526706
0.53006
0.533435
0.536832
0.54025
0.543691
0.547153
0.550637
0.554143
0.557672
0.561223
0.564797
0.568393
0.572013
0.575655
0.579321
0.58301
0.586723
0.590459
0.594219
0.598003
0.601811
0.605643
0.609499
0.613381
0.617287
0.621217
0.625173
0.629154
0.63316
0.637192
0.64125
0.645333
0.649443
0.653578
0.65774
0.661928
0.666143
0.670385
0.674654
0.67895
0.683274
0.687625
0.692003
0.69641
0.700845
0.705307
0.709799
0.714319
0.718867
0.723445
0.728052
0.732688
0.737354
0.742049
0.746774
0.751529
0.756315
0.761131
0.765978
0.770855
0.775764
0.780704
0.785676
0.790679
0.795713
0.80078
0.80588
0.811011
0.816176
0.821373
0.826604
0.831867
0.837164
0.842495
0.84786
0.853259
0.858693
0.864161
0.869664
0.875202
0.880775
0.886383
0.892028
0.897708
0.903425
0.909177
0.914967
0.920793
0.926657
0.932558
0.938496
0.944472
0.950486
0.956539
0.96263
0.96876
0.974929
0.981137
0.987385
0.993672
1
