0
7.36267e-07
1.46118e-06
2.16938e-06
2.85726e-06
3.51788e-06
4.15844e-06
4.77308e-06
5.36075e-06
7.23705e-06
9.02968e-06
1.07439e-05
1.23731e-05
1.39147e-05
1.53665e-05
1.67228e-05
1.79889e-05
2.02508e-05
2.23581e-05
2.43008e-05
2.60793e-05
2.76936e-05
2.91347e-05
3.04055e-05
3.14979e-05
3.32542e-05
3.4763e-05
3.60208e-05
3.70245e-05
3.77731e-05
3.82593e-05
3.84827e-05
3.84405e-05
3.86957e-05
3.86071e-05
3.81741e-05
3.73954e-05
3.62672e-05
3.47861e-05
3.29518e-05
3.07638e-05
2.84885e-05
2.578e-05
2.26383e-05
1.90618e-05
1.50498e-05
1.06019e-05
5.71802e-06
3.98885e-07
-5.39096e-06
-1.16916e-05
-1.8502e-05
-2.58212e-05
-3.36459e-05
-4.19757e-05
-5.0806e-05
-6.01358e-05
-7.03039e-05
-8.10412e-05
-9.23417e-05
-0.000104202
-0.000116615
-0.000129576
-0.000143081
-0.00015712
-0.000172336
-0.000188147
-0.000204547
-0.000221527
-0.000239073
-0.000257183
-0.000275839
-0.000295037
-0.000315704
-0.000336953
-0.000358779
-0.000381167
-0.000404103
-0.000427569
-0.000451552
-0.000476044
-0.00050223
-0.000528954
-0.000556194
-0.000583935
-0.000612156
-0.000640839
-0.000669966
-0.000699512
-0.00073092
-0.000762762
-0.000795021
-0.00082767
-0.000860686
-0.000894049
-0.000927725
-0.000961701
-0.000997606
-0.00103381
-0.00107027
-0.00110697
-0.00114387
-0.00118095
-0.00121818
-0.00125552
-0.00129479
-0.00133416
-0.00137359
-0.00141306
-0.00145251
-0.00149193
-0.00153127
-0.00157052
-0.00161159
-0.00165252
-0.00169327
-0.0017338
-0.00177407
-0.00181405
-0.00185369
-0.00189296
-0.00193389
-0.00197439
-0.00201442
-0.00205396
-0.00209292
-0.00213131
-0.00216907
-0.00220616
-0.00224465
-0.00228238
-0.00231935
-0.00235547
-0.00239073
-0.00242508
-0.00245848
-0.00249089
-0.00252435
-0.00255675
-0.00258801
-0.00261811
-0.00264699
-0.00267464
-0.002701
-0.00272603
-0.00275173
-0.00277599
-0.00279879
-0.00282008
-0.00283982
-0.00285798
-0.00287451
-0.00288939
-0.00290447
-0.00291779
-0.0029293
-0.00293897
-0.00294675
-0.00295263
-0.00295657
-0.00295851
-0.0029602
-0.00295981
-0.00295728
-0.00295261
-0.00294576
-0.0029367
-0.00292539
-0.00291182
-0.0028975
-0.00288081
-0.00286173
-0.00284022
-0.00281628
-0.00278985
-0.00276096
-0.00272955
-0.00269694
-0.00266172
-0.00262388
-0.00258342
-0.00254031
-0.00249455
-0.00244611
-0.00239499
-0.00234224
-0.00228672
-0.00222844
-0.00216738
-0.00210356
-0.00203696
-0.0019676
-0.00189546
-0.0018213
-0.00174432
-0.0016645
-0.00158187
-0.00149642
-0.00140819
-0.00131717
-0.0012234
-0.00112729
-0.00102838
-0.000926681
-0.000822217
-0.000715016
-0.000605099
-0.000492499
-0.000377244
-0.000259457
-0.000138998
-1.59021e-05
0.000109793
0.000238049
0.000368821
0.000502072
0.000637751
0.000776065
0.00091679
0.00105989
0.0012053
0.00135297
0.00150285
0.00165488
0.001809
0.00196571
0.00212447
0.00228521
0.00244785
0.00261235
0.00277861
0.00294659
0.00311617
0.0032882
0.00346177
0.00363682
0.00381326
0.00399098
0.00416996
0.00435004
0.00453119
0.00471446
0.00489868
0.00508374
0.00526954
0.00545603
0.00564303
0.00583053
0.00601836
0.0062079
0.00639767
0.00658754
0.00677745
0.00696723
0.00715682
0.00734608
0.00753493
0.00772492
0.00791432
0.00810304
0.00829089
0.00847786
0.00866373
0.00884846
0.0090319
0.0092158
0.00939825
0.00957907
0.00975821
0.00993548
0.0101108
0.010284
0.0104551
0.0106258
0.0107942
0.01096
0.0111231
0.0112835
0.0114409
0.0115953
0.0117466
0.0118967
0.0120435
0.0121868
0.0123264
0.0124624
0.0125944
0.0127225
0.0128465
0.0129685
0.0130861
0.0131993
0.0133079
0.0134118
0.013511
0.0136053
0.0136946
0.0137809
0.0138619
0.0139377
0.0140079
0.0140727
0.0141317
0.014185
0.0142325
0.014276
0.0143136
0.0143449
0.01437
0.0143887
0.014401
0.0144068
0.0144059
0.0144004
0.014388
0.0143688
0.0143426
0.0143094
0.0142691
0.0142216
0.0141669
0.0141067
0.0140392
0.0139642
0.0138817
0.0137917
0.013694
0.0135887
0.0134758
0.0133567
0.0132299
0.0130953
0.0129527
0.0128023
0.012644
0.0124777
0.0123035
0.0121228
0.0119341
0.0117373
0.0115326
0.0113198
0.011099
0.0108703
0.0106335
0.01039
0.0101385
0.00987902
0.00961159
0.00933628
0.00905312
0.00876213
0.00846342
0.00815782
0.00784452
0.00752354
0.00719497
0.00685888
0.00651533
0.00616443
0.0058062
0.00544134
0.00506927
0.00469011
0.00430396
0.0039109
0.00351108
0.00310456
0.00269151
0.00227223
0.00184656
0.00141463
0.000976575
0.000532525
8.26353e-05
-0.000372963
-0.000834109
-0.00130077
-0.00177275
-0.00224989
-0.00273204
-0.00321899
-0.00371061
-0.00420668
-0.00470705
-0.00521196
-0.00572087
-0.0062336
-0.0067499
-0.00726965
-0.00779257
-0.00831849
-0.00884719
-0.00937921
-0.0099137
-0.0104503
-0.010989
-0.0115294
-0.0120714
-0.0126146
-0.0131589
-0.0137051
-0.0142519
-0.0147992
-0.0153466
-0.015894
-0.0164409
-0.0169873
-0.0175329
-0.0180787
-0.0186232
-0.0191661
-0.0197072
-0.0202462
-0.0207828
-0.0213169
-0.021848
-0.0223776
-0.0229036
-0.0234261
-0.0239447
-0.024459
-0.0249689
-0.025474
-0.0259742
-0.0264706
-0.0269616
-0.0274467
-0.0279258
-0.0283985
-0.0288644
-0.0293236
-0.0297754
-0.0302217
-0.0306602
-0.0310907
-0.031513
-0.0319267
-0.0323317
-0.0327274
-0.0331139
-0.0334926
-0.0338615
-0.0342202
-0.0345685
-0.0349063
-0.035233
-0.0355487
-0.0358528
-0.0361473
-0.0364299
-0.0367003
-0.0369585
-0.0372038
-0.0374364
-0.0376557
-0.0378618
-0.0380563
-0.038237
-0.0384039
-0.0385563
-0.0386945
-0.0388179
-0.0389266
-0.0390202
-0.0391005
-0.0391656
-0.0392149
-0.0392486
-0.0392662
-0.0392677
-0.039253
-0.0392218
-0.039176
-0.0391133
-0.0390339
-0.0389374
-0.0388238
-0.0386929
-0.0385446
-0.0383789
-0.0381973
-0.0379981
-0.037781
-0.037546
-0.0372931
-0.0370222
-0.0367333
-0.0364261
-0.0361026
-0.0357605
-0.0354003
-0.0350218
-0.0346249
-0.0342098
-0.0337762
-0.0333245
-0.0328557
-0.0323686
-0.0318632
-0.0313396
-0.0307978
-0.0302377
-0.0296597
-0.0290635
-0.0284506
-0.0278198
-0.0271711
-0.0265048
-0.0258208
-0.0251195
-0.0244007
-0.0236647
-0.0229126
-0.0221435
-0.0213576
-0.020555
-0.0197362
-0.0189009
-0.0180497
-0.0171826
-0.0163004
-0.0154028
-0.01449
-0.0135622
-0.0126196
-0.0116625
-0.0106912
-0.0097059
-0.00870727
-0.00769518
-0.00666996
-0.00563188
-0.00458128
-0.00351848
-0.0024438
-0.00135759
-0.000260198
0.000848119
0.00196696
0.00309599
0.0042348
0.00538301
0.00654027
0.00770613
0.00888054
0.0100628
0.0112525
0.0124492
0.0136525
0.014862
0.0160772
0.0172977
0.0185235
0.0197537
0.0209879
0.0222255
0.0234661
0.0247091
0.0259543
0.0272009
0.0284493
0.0296982
0.0309472
0.0321958
0.0334433
0.0346895
0.0359334
0.037175
0.0384143
0.0396501
0.0408817
0.0421087
0.0433306
0.0445465
0.0457563
0.046959
0.0481556
0.0493443
0.0505244
0.0516956
0.052857
0.0540084
0.0551489
0.0562781
0.0573968
0.0585031
0.0595966
0.0606762
0.0617422
0.0627931
0.063829
0.064849
0.0658541
0.0668426
0.0678134
0.0687666
0.0697008
0.0706162
0.0715119
0.0723874
0.073244
0.074079
0.0748928
0.0756838
0.0764523
0.0771974
0.0779186
0.0786156
0.0792892
0.079938
0.0805604
0.0811568
0.0817262
0.0822684
0.0827832
0.0832694
0.0837292
0.0841594
0.0845603
0.0849311
0.0852716
0.0855816
0.0858601
0.0861075
0.0863241
0.0865086
0.0866602
0.0867788
0.0868642
0.0869156
0.0869335
0.0869164
0.0868665
0.0867814
0.0866611
0.0865054
0.0863137
0.0860863
0.0858222
0.0855219
0.085186
0.0848133
0.0844036
0.0839564
0.0834722
0.0829498
0.08239
0.0817922
0.0811577
0.0804852
0.0797745
0.0790258
0.0782384
0.0774131
0.0765491
0.0756469
0.0747075
0.0737297
0.0727138
0.0716594
0.070567
0.0694363
0.0682676
0.0670611
0.0658177
0.0645369
0.0632183
0.0618626
0.0604695
0.0590397
0.0575731
0.0560701
0.0545317
0.0529572
0.0513472
0.0497017
0.0480212
0.0463059
0.0445563
0.0427728
0.040956
0.0391062
0.0372234
0.0353082
0.0333611
0.0313825
0.029373
0.0273329
0.0252632
0.0231639
0.0210357
0.0188791
0.0166946
0.014483
0.0122447
0.00998038
0.0076908
0.00537648
0.00303807
0.000676258
-0.00170828
-0.00411479
-0.00654261
-0.00899089
-0.0114591
-0.0139463
-0.0164518
-0.0189749
-0.0215145
-0.02407
-0.0266405
-0.0292251
-0.0318233
-0.0344339
-0.0370562
-0.039689
-0.0423319
-0.0449832
-0.0476427
-0.0503089
-0.0529817
-0.0556597
-0.0583415
-0.0610268
-0.0637138
-0.0664022
-0.0690904
-0.0717777
-0.0744639
-0.0771468
-0.0798261
-0.0824998
-0.0851676
-0.0878279
-0.09048
-0.0931227
-0.0957555
-0.0983772
-0.100986
-0.103581
-0.10616
-0.108724
-0.111271
-0.113799
-0.116309
-0.118798
-0.121266
-0.12371
-0.126131
-0.128526
-0.130895
-0.133238
-0.135551
-0.137836
-0.140089
-0.14231
-0.144499
-0.146652
-0.148771
-0.150852
-0.152897
-0.154903
-0.156869
-0.158793
-0.160675
-0.162514
-0.164308
-0.166057
-0.167759
-0.169414
-0.171019
-0.172574
-0.174079
-0.17553
-0.176929
-0.178272
-0.179561
-0.180794
-0.181969
-0.183086
-0.184142
-0.185138
-0.186072
-0.186943
-0.187752
-0.188495
-0.189174
-0.189786
-0.19033
-0.190806
-0.191212
-0.191548
-0.191814
-0.192008
-0.192129
-0.192177
-0.19215
-0.192048
-0.191869
-0.191614
-0.191282
-0.190871
-0.190383
-0.189813
-0.189164
-0.188433
-0.18762
-0.186726
-0.185748
-0.184689
-0.183544
-0.182314
-0.181
-0.179599
-0.178113
-0.17654
-0.174881
-0.173133
-0.171299
-0.169375
-0.167363
-0.165263
-0.163072
-0.160793
-0.158424
-0.155966
-0.153416
-0.150777
-0.148047
-0.145225
-0.142314
-0.139311
-0.136218
-0.133034
-0.129758
-0.126392
-0.122934
-0.119386
-0.115747
-0.112017
-0.108197
-0.104286
-0.100285
-0.0961938
-0.0920132
-0.0877426
-0.0833831
-0.0789345
-0.0743976
-0.0697725
-0.0650595
-0.0602594
-0.055372
-0.0503984
-0.0453387
-0.0401937
-0.0349639
-0.0296497
-0.024252
-0.0187711
-0.0132079
-0.00756299
-0.00183707
0.0039691
0.00985476
0.0158192
0.0218614
0.0279809
0.0341764
0.0404473
0.0467926
0.0532113
0.0597029
0.0662656
0.0728994
0.0796022
0.0863736
0.0932124
0.100117
0.107088
0.114122
0.12122
0.128378
0.135598
0.142876
0.150212
0.157606
0.165054
0.172558
0.180113
0.18772
0.195377
0.203083
0.210836
0.218634
0.226478
0.234364
0.242291
0.250259
0.258264
0.266308
0.274385
0.282498
0.290641
0.298816
0.307019
0.31525
0.323507
0.331788
0.340092
0.348415
0.356758
0.365119
0.373495
0.381886
0.390287
0.398702
0.407123
0.415552
0.423985
0.432423
0.440863
0.449301
0.45774
0.466173
0.474602
0.483022
0.491434
0.499836
0.508223
0.5166
0.524956
0.533297
0.541616
0.549913
0.558188
0.566437
0.574661
0.582852
0.591015
0.599144
0.607239
0.615298
0.623317
0.631301
0.639238
0.647135
0.654985
0.662788
0.670543
0.678246
0.685901
0.693497
0.701041
0.708525
0.71595
0.723315
0.730617
0.737857
0.745027
0.752133
0.759167
0.766132
0.773024
0.779841
0.786586
0.793249
0.799837
0.806342
0.812766
0.819108
0.825363
0.831535
0.837615
0.84361
0.849511
0.855322
0.861039
0.866661
0.87219
0.877617
0.88295
0.888179
0.893309
0.898337
0.90326
0.908081
0.912793
0.917402
0.921898
0.926288
0.930567
0.934734
0.938792
0.942733
0.946564
0.950276
0.953874
0.957355
0.960717
0.963964
0.967088
0.970097
0.97298
0.975744
0.978386
0.980904
0.983301
0.985572
0.987723
0.989744
0.991642
0.993413
0.995058
0.996498
0.997526
0.998261
0.998787
0.999164
0.999434
0.999626
0.999763
0.999858
0.999923
0.999965
0.99999
1
0.999999
0.999989
0.999971
0.999946
0.999915
0.999878
0.999566
0.998949
0.998079
0.996989
0.995714
0.994261
0.992654
0.990895
0.988995
0.986961
0.984791
0.982496
0.980069
0.977518
0.974841
0.972042
0.969121
0.966077
0.962918
0.959634
0.956236
0.952717
0.949083
0.945334
0.941468
0.937493
0.9334
0.9292
0.924885
0.920461
0.91593
0.911289
0.906546
0.901693
0.89674
0.89168
0.88652
0.881259
0.875898
0.870442
0.864885
0.859237
0.853491
0.847654
0.841726
0.835706
0.829601
0.823405
0.817128
0.810762
0.804316
0.797788
0.791179
0.784495
0.777731
0.770896
0.763984
0.757002
0.74995
0.742828
0.735641
0.728386
0.721072
0.713692
0.706253
0.698756
0.691201
0.683593
0.675929
0.668217
0.660452
0.652641
0.644782
0.636879
0.628935
0.620947
0.612924
0.60486
0.596762
0.588629
0.580465
0.572272
0.564048
0.555802
0.547527
0.539231
0.530912
0.522575
0.514222
0.505852
0.49747
0.489074
0.480668
0.472254
0.463833
0.455408
0.446979
0.438551
0.430122
0.421696
0.413273
0.404856
0.396447
0.388048
0.379661
0.371285
0.362925
0.35458
0.346253
0.337946
0.32966
0.321399
0.313161
0.30495
0.296766
0.288612
0.280489
0.272398
0.264343
0.256323
0.248341
0.240397
0.232493
0.224632
0.216814
0.209041
0.201313
0.193634
0.186004
0.178424
0.170897
0.163421
0.156002
0.148637
0.141329
0.13408
0.126891
0.119762
0.112695
0.105692
0.0987522
0.0918784
0.0850709
0.0783313
0.0716604
0.0650592
0.0585288
0.0520701
0.0456842
0.0393719
0.0331341
0.0269719
0.020886
0.0148774
0.0089468
0.00309494
-0.00267723
-0.00836911
-0.0139799
-0.0195089
-0.0249556
-0.0303191
-0.0355991
-0.0407946
-0.0459053
-0.0509306
-0.0558698
-0.0607231
-0.0654891
-0.0701683
-0.0747593
-0.0792624
-0.0836769
-0.0880025
-0.0922392
-0.0963865
-0.100445
-0.104412
-0.10829
-0.112078
-0.115775
-0.119382
-0.122897
-0.126323
-0.129658
-0.132902
-0.136055
-0.139117
-0.142089
-0.144969
-0.14776
-0.15046
-0.153071
-0.155591
-0.158021
-0.160361
-0.162612
-0.164774
-0.166847
-0.168832
-0.170728
-0.172537
-0.174258
-0.175892
-0.17744
-0.178901
-0.180277
-0.181567
-0.182774
-0.183896
-0.184934
-0.185889
-0.186762
-0.187553
-0.188262
-0.188891
-0.189441
-0.189911
-0.190304
-0.190618
-0.190855
-0.191015
-0.1911
-0.191111
-0.191048
-0.190913
-0.190705
-0.190425
-0.190075
-0.189655
-0.189166
-0.18861
-0.187988
-0.187299
-0.186545
-0.185727
-0.184846
-0.183903
-0.182898
-0.181835
-0.180712
-0.179531
-0.178293
-0.176999
-0.17565
-0.174246
-0.172791
-0.171284
-0.169727
-0.16812
-0.166464
-0.164761
-0.163012
-0.161218
-0.159379
-0.157499
-0.155576
-0.153613
-0.15161
-0.149569
-0.147491
-0.145376
-0.143227
-0.141045
-0.13883
-0.136583
-0.134306
-0.132
-0.129666
-0.127305
-0.124917
-0.122506
-0.120072
-0.117615
-0.115137
-0.112638
-0.110121
-0.107586
-0.105034
-0.102467
-0.099886
-0.0972915
-0.0946843
-0.0920664
-0.0894379
-0.0868006
-0.0841552
-0.0815036
-0.0788464
-0.0761842
-0.0735186
-0.0708499
-0.0681798
-0.0655089
-0.0628384
-0.0601701
-0.0575039
-0.0548413
-0.0521828
-0.0495298
-0.0468829
-0.0442433
-0.0416118
-0.0389898
-0.0363779
-0.0337766
-0.0311872
-0.0286103
-0.0260469
-0.0234979
-0.020964
-0.0184464
-0.0159455
-0.0134623
-0.0109973
-0.00855151
-0.00612562
-0.00372037
-0.00133648
0.00102531
0.00336438
0.00567998
0.00797147
0.0102382
0.0124795
0.0146948
0.0168834
0.0190451
0.0211788
0.0232843
0.0253608
0.0274079
0.0294251
0.0314117
0.0333675
0.0352922
0.037185
0.0390456
0.0408735
0.0426684
0.0444295
0.046157
0.0478501
0.0495092
0.0511336
0.0527226
0.0542764
0.0557942
0.0572761
0.0587216
0.0601306
0.0615038
0.06284
0.0641394
0.0654012
0.0666259
0.0678128
0.0689621
0.0700737
0.0711484
0.0721854
0.0731842
0.0741453
0.075068
0.0759528
0.0767995
0.077608
0.0783801
0.0791139
0.0798102
0.0804682
0.0810887
0.0816715
0.0822167
0.0827247
0.0831965
0.0836317
0.0840295
0.0843908
0.0847153
0.0850035
0.0852558
0.0854718
0.0856542
0.0858006
0.0859121
0.0859887
0.0860306
0.0860384
0.0860119
0.0859523
0.0858604
0.0857358
0.0855783
0.0853886
0.0851671
0.0849139
0.0846299
0.0843147
0.083971
0.0835972
0.0831939
0.0827616
0.0823005
0.0818115
0.0812943
0.0807501
0.0801805
0.0795846
0.0789628
0.0783155
0.0776436
0.0769468
0.0762264
0.0754823
0.074717
0.0739293
0.0731196
0.0722889
0.0714369
0.0705648
0.0696728
0.0687616
0.0678333
0.0668866
0.0659227
0.0649413
0.0639436
0.0629297
0.0619005
0.0608564
0.0597994
0.0587289
0.0576448
0.0565482
0.0554393
0.054319
0.0531877
0.0520459
0.0508957
0.0497359
0.0485675
0.0473907
0.0462062
0.0450146
0.0438164
0.0426122
0.0414035
0.04019
0.0389718
0.0377498
0.0365244
0.035296
0.0340655
0.032833
0.0316003
0.0303666
0.0291327
0.0278989
0.0266658
0.025434
0.0242038
0.0229759
0.0217512
0.0205296
0.0193115
0.0180975
0.016888
0.0156834
0.0144843
0.0132909
0.0121042
0.0109242
0.00975122
0.00858575
0.00742816
0.00627889
0.00513831
0.00400682
0.00288491
0.00177279
0.000670821
-0.000420612
-0.0015012
-0.00257054
-0.00362833
-0.00467422
-0.0057081
-0.00672953
-0.00773816
-0.00873377
-0.00971595
-0.0106845
-0.0116392
-0.0125796
-0.0135061
-0.0144179
-0.015315
-0.0161968
-0.0170634
-0.0179143
-0.0187495
-0.0195688
-0.0203726
-0.0211603
-0.0219314
-0.0226859
-0.0234236
-0.0241444
-0.0248481
-0.0255346
-0.0262049
-0.0268577
-0.0274931
-0.0281108
-0.0287108
-0.0292931
-0.0298575
-0.0304041
-0.0309338
-0.0314457
-0.0319395
-0.0324153
-0.032873
-0.0333125
-0.0337341
-0.0341373
-0.0345242
-0.0348928
-0.0352435
-0.0355761
-0.0358907
-0.0361876
-0.0364663
-0.0367274
-0.0369723
-0.0371995
-0.0374092
-0.0376013
-0.0377762
-0.0379335
-0.0380738
-0.0381968
-0.0383047
-0.0383958
-0.0384702
-0.038528
-0.0385693
-0.0385944
-0.0386032
-0.0385961
-0.0385751
-0.0385384
-0.0384863
-0.0384188
-0.0383364
-0.0382388
-0.0381265
-0.0379997
-0.0378606
-0.0377074
-0.0375401
-0.0373593
-0.0371649
-0.0369572
-0.0367364
-0.0365028
-0.0362587
-0.0360021
-0.0357336
-0.035453
-0.0351608
-0.0348572
-0.0345425
-0.0342169
-0.0338825
-0.033538
-0.033183
-0.0328183
-0.0324439
-0.0320602
-0.0316674
-0.0312657
-0.0308575
-0.0304408
-0.0300161
-0.0295836
-0.0291436
-0.0286964
-0.0282422
-0.0277814
-0.0273158
-0.0268442
-0.0263665
-0.0258833
-0.0253947
-0.024901
-0.0244026
-0.0238995
-0.0233938
-0.022884
-0.0223705
-0.0218535
-0.0213332
-0.0208101
-0.0202841
-0.0197558
-0.0192267
-0.0186956
-0.0181628
-0.0176285
-0.0170931
-0.0165567
-0.0160197
-0.0154821
-0.0149456
-0.014409
-0.0138727
-0.0133369
-0.0128018
-0.0122676
-0.0117346
-0.0112031
-0.010674
-0.0101468
-0.00962157
-0.00909854
-0.008578
-0.0080601
-0.00754509
-0.00703315
-0.00652503
-0.00602033
-0.00551922
-0.0050219
-0.00452855
-0.00403937
-0.00355452
-0.00307418
-0.00259878
-0.00212816
-0.00166247
-0.0012019
-0.000746575
-0.000296677
0.000147649
0.000586277
0.00101913
0.0014461
0.00186701
0.00228176
0.0026902
0.00309223
0.00348774
0.00387658
0.00425912
0.00463485
0.00500372
0.0053656
0.00572042
0.00606811
0.00640853
0.00674167
0.00706813
0.00738722
0.00769885
0.00800297
0.00829954
0.00858845
0.00886973
0.00914324
0.00941006
0.00966914
0.00992045
0.010164
0.0103997
0.0106276
0.0108476
0.0110597
0.0112653
0.011463
0.0116529
0.011835
0.0120093
0.0121757
0.0123344
0.0124852
0.0126298
0.0127668
0.0128961
0.0130178
0.0131318
0.0132383
0.0133373
0.0134287
0.0135145
0.0135929
0.0136641
0.013728
0.0137847
0.0138343
0.0138767
0.0139123
0.0139428
0.0139665
0.0139834
0.0139937
0.0139973
0.0139944
0.0139851
0.0139694
0.0139496
0.0139235
0.0138914
0.0138533
0.0138094
0.0137596
0.0137042
0.0136432
0.0135788
0.0135091
0.0134341
0.0133539
0.0132687
0.0131785
0.0130835
0.0129837
0.0128815
0.0127748
0.0126637
0.0125484
0.0124288
0.0123053
0.0121778
0.0120465
0.0119136
0.0117771
0.0116372
0.0114939
0.0113474
0.0111978
0.0110452
0.0108897
0.0107335
0.0105747
0.0104133
0.0102495
0.0100834
0.00991519
0.00974485
0.00957258
0.00940043
0.00922653
0.00905103
0.00887399
0.00869561
0.0085159
0.00833504
0.00815315
0.00797207
0.00779016
0.00760746
0.00742415
0.00724026
0.00705597
0.00687136
0.00668653
0.00650317
0.00631972
0.00613634
0.00595309
0.00577009
0.00558744
0.00540522
0.00522357
0.00504383
0.00486478
0.00468645
0.004509
0.00433247
0.00415696
0.00398259
0.00380939
0.0036385
0.00346887
0.00330063
0.00313382
0.00296855
0.00280487
0.00264286
0.0024826
0.00232484
0.00216888
0.00201478
0.00186262
0.00171246
0.00156434
0.00141835
0.00127452
0.00113329
0.000994249
0.000857461
0.000722971
0.000590828
0.000461078
0.000333766
0.000208935
8.66535e-05
-3.31511e-05
-0.000150445
-0.000265189
-0.000377355
-0.000486902
-0.000593809
-0.000698044
-0.000799885
-0.00089909
-0.000995627
-0.00108949
-0.00118064
-0.00126908
-0.00135478
-0.00143772
-0.00151854
-0.00159666
-0.00167208
-0.00174477
-0.00181477
-0.00188203
-0.00194657
-0.00200838
-0.00206839
-0.00212577
-0.00218049
-0.00223257
-0.002282
-0.00232881
-0.00237299
-0.00241456
-0.00245476
-0.00249243
-0.00252759
-0.00256026
-0.00259045
-0.00261818
-0.00264347
-0.00266634
-0.00268827
-0.0027079
-0.00272521
-0.00274026
-0.00275305
-0.00276362
-0.002772
-0.00277819
-0.00278396
-0.00278764
-0.00278929
-0.00278894
-0.00278661
-0.00278235
-0.00277617
-0.00276814
-0.00276011
-0.00275032
-0.0027388
-0.00272558
-0.00271071
-0.00269419
-0.00267611
-0.00265646
-0.0026373
-0.00261669
-0.00259467
-0.00257128
-0.00254655
-0.00252054
-0.00249327
-0.00246478
-0.0024372
-0.0024085
-0.00237872
-0.00234789
-0.00231607
-0.00228328
-0.00224957
-0.00221498
-0.00218165
-0.00214753
-0.00211264
-0.00207705
-0.00204075
-0.00200383
-0.00196629
-0.00192819
-0.00189165
-0.00185462
-0.00181714
-0.00177922
-0.00174092
-0.00170227
-0.00166331
-0.00162407
-0.00158662
-0.00154894
-0.00151107
-0.00147304
-0.00143489
-0.00139665
-0.00135836
-0.00132004
-0.00128364
-0.00124725
-0.0012109
-0.00117461
-0.00113843
-0.00110238
-0.00106649
-0.00103079
-0.000997045
-0.000963504
-0.000930187
-0.000897122
-0.000864331
-0.000831847
-0.000799695
-0.000767891
-0.000738007
-0.000708466
-0.000679291
-0.000650499
-0.000622119
-0.00059417
-0.000566667
-0.000539635
-0.00051439
-0.000489588
-0.000465249
-0.00044138
-0.000418006
-0.000395139
-0.000372793
-0.000350982
-0.000330763
-0.000311038
-0.000291823
-0.000273125
-0.000254956
-0.000237331
-0.000220255
-0.00020374
-0.000188549
-0.000173866
-0.000159696
-0.000146049
-0.000132929
-0.000120345
-0.000108304
-9.68098e-05
-8.63223e-05
-7.63168e-05
-6.67973e-05
-5.77694e-05
-4.92338e-05
-4.11954e-05
-3.36571e-05
-2.6621e-05
-2.02353e-05
-1.42785e-05
-8.7524e-06
-3.65799e-06
1.00384e-06
5.23274e-06
9.0283e-06
1.23907e-05
1.54819e-05
1.82178e-05
2.05977e-05
2.2623e-05
2.42948e-05
2.56146e-05
2.65852e-05
2.72061e-05
2.79426e-05
2.84063e-05
2.86024e-05
2.85314e-05
2.81955e-05
2.75973e-05
2.6737e-05
2.56217e-05
2.4996e-05
2.41898e-05
2.32005e-05
2.20328e-05
2.06922e-05
1.91755e-05
1.74914e-05
1.56365e-05
1.46255e-05
1.35147e-05
1.23059e-05
1.10012e-05
9.60589e-06
8.11513e-06
6.53436e-06
4.86582e-06
4.35473e-06
3.8145e-06
3.24589e-06
2.64546e-06
2.02232e-06
1.37314e-06
6.98758e-07
